4932
1 1,212 true
2 1,212 true
3 1,212 true
4 1,212 true
5 1,212 true
6 1,212 true
7 1,212 true
8 1,212 true
9 1,212 true
10 1,212 true
11 1,212 true
12 1,212 true
13 2,212 true
14 2,212 true
15 2,212 true
16 2,212 true
17 2,212 true
18 2,212 true
19 2,212 true
20 2,212 true
21 2,212 true
22 2,212 true
23 2,212 true
24 2,212 true
25 3,212 true
26 3,212 true
27 3,212 true
28 3,212 true
29 3,212 true
30 3,212 true
31 3,212 true
32 3,212 true
33 3,212 true
34 3,212 true
35 3,212 true
36 3,212 true
37 4,212 true
38 4,212 true
39 4,212 true
40 4,212 true
41 4,212 true
42 4,212 true
43 4,212 true
44 4,212 true
45 4,212 true
46 4,212 true
47 4,212 true
48 4,212 true
49 5,212 true
50 5,212 true
51 5,212 true
52 5,212 true
53 5,212 true
54 5,212 true
55 5,212 true
56 5,212 true
57 5,212 true
58 5,212 true
59 5,212 true
60 5,212 true
61 6,212 true
62 6,212 true
63 6,212 true
64 6,212 true
65 6,212 true
66 6,212 true
67 6,212 true
68 6,212 true
69 6,212 true
70 6,212 true
71 6,212 true
72 6,212 true
73 7,212 true
74 7,212 true
75 7,212 true
76 7,212 true
77 7,212 true
78 7,212 true
79 7,212 true
80 7,212 true
81 7,212 true
82 7,212 true
83 7,212 true
84 7,212 true
85 8,212 true
86 8,212 true
87 8,212 true
88 8,212 true
89 8,212 true
90 8,212 true
91 8,212 true
92 8,212 true
93 8,212 true
94 8,212 true
95 8,212 true
96 8,212 true
97 9,212 true
98 9,212 true
99 9,212 true
100 9,212 true
101 9,212 true
102 9,212 true
103 9,212 true
104 9,212 true
105 9,212 true
106 9,212 true
107 9,212 true
108 9,212 true
109 10,212 true
110 10,212 true
111 10,212 true
112 10,212 true
113 10,212 true
114 10,212 true
115 10,212 true
116 10,212 true
117 10,212 true
118 10,212 true
119 10,212 true
120 10,212 true
121 11,212 true
122 11,212 true
123 11,212 true
124 11,212 true
125 11,212 true
126 11,212 true
127 11,212 true
128 11,212 true
129 11,212 true
130 11,212 true
131 11,212 true
132 11,212 true
133 12,212 true
134 12,212 true
135 12,212 true
136 12,212 true
137 12,212 true
138 12,212 true
139 12,212 true
140 12,212 true
141 12,212 true
142 12,212 true
143 12,212 true
144 12,212 true
145 13,212 true
146 13,212 true
147 13,212 true
148 13,212 true
149 13,212 true
150 13,212 true
151 13,212 true
152 13,212 true
153 13,212 true
154 13,212 true
155 13,212 true
156 13,212 true
157 14,212 true
158 14,212 true
159 14,212 true
160 14,212 true
161 14,212 true
162 14,212 true
163 14,212 true
164 14,212 true
165 14,212 true
166 14,212 true
167 14,212 true
168 14,212 true
169 15,212 true
170 15,212 true
171 15,212 true
172 15,212 true
173 15,212 true
174 15,212 true
175 15,212 true
176 15,212 true
177 15,212 true
178 15,212 true
179 15,212 true
180 15,212 true
181 16,212 true
182 16,212 true
183 16,212 true
184 16,212 true
185 16,212 true
186 16,212 true
187 16,212 true
188 16,212 true
189 16,212 true
190 16,212 true
191 16,212 true
192 16,212 true
193 17,212 true
194 17,212 true
195 17,212 true
196 17,212 true
197 17,212 true
198 17,212 true
199 17,212 true
200 17,212 true
201 17,212 true
202 17,212 true
203 17,212 true
204 17,212 true
205 18,212 true
206 18,212 true
207 18,212 true
208 18,212 true
209 18,212 true
210 18,212 true
211 18,212 true
212 18,212 true
213 18,212 true
214 18,212 true
215 18,212 true
216 18,212 true
217 19,212 true
218 19,212 true
219 19,212 true
220 19,212 true
221 19,212 true
222 19,212 true
223 19,212 true
224 19,212 true
225 19,212 true
226 19,212 true
227 19,212 true
228 19,212 true
229 20,212 true
230 20,212 true
231 20,212 true
232 20,212 true
233 20,212 true
234 20,212 true
235 20,212 true
236 20,212 true
237 20,212 true
238 20,212 true
239 20,212 true
240 20,212 true
241 21,212 true
242 21,212 true
243 21,212 true
244 21,212 true
245 21,212 true
246 21,212 true
247 21,212 true
248 21,212 true
249 21,212 true
250 21,212 true
251 21,212 true
252 21,212 true
253 22,212 true
254 22,212 true
255 22,212 true
256 22,212 true
257 22,212 true
258 22,212 true
259 22,212 true
260 22,212 true
261 22,212 true
262 22,212 true
263 22,212 true
264 22,212 true
265 23,212 true
266 23,212 true
267 23,212 true
268 23,212 true
269 23,212 true
270 23,212 true
271 23,212 true
272 23,212 true
273 23,212 true
274 23,212 true
275 23,212 true
276 23,212 true
277 24,212 true
278 24,212 true
279 24,212 true
280 24,212 true
281 24,212 true
282 24,212 true
283 24,212 true
284 24,212 true
285 24,212 true
286 24,212 true
287 24,212 true
288 24,212 true
289 25,212 true
290 25,212 true
291 25,212 true
292 25,212 true
293 25,212 true
294 25,212 true
295 25,212 true
296 25,212 true
297 25,212 true
298 25,212 true
299 25,212 true
300 25,212 true
301 26,212 true
302 26,212 true
303 26,212 true
304 26,212 true
305 26,212 true
306 26,212 true
307 26,212 true
308 26,212 true
309 26,212 true
310 26,212 true
311 26,212 true
312 26,212 true
313 27,212 true
314 27,212 true
315 27,212 true
316 27,212 true
317 27,212 true
318 27,212 true
319 27,212 true
320 27,212 true
321 27,212 true
322 27,212 true
323 27,212 true
324 27,212 true
325 28,212 true
326 28,212 true
327 28,212 true
328 28,212 true
329 28,212 true
330 28,212 true
331 28,212 true
332 28,212 true
333 28,212 true
334 28,212 true
335 28,212 true
336 28,212 true
337 29,212 true
338 29,212 true
339 29,212 true
340 29,212 true
341 29,212 true
342 29,212 true
343 29,212 true
344 29,212 true
345 29,212 true
346 29,212 true
347 29,212 true
348 29,212 true
349 30,212 true
350 30,212 true
351 30,212 true
352 30,212 true
353 30,212 true
354 30,212 true
355 30,212 true
356 30,212 true
357 30,212 true
358 30,212 true
359 30,212 true
360 30,212 true
361 31,212 true
362 31,212 true
363 31,212 true
364 31,212 true
365 31,212 true
366 31,212 true
367 31,212 true
368 31,212 true
369 31,212 true
370 31,212 true
371 31,212 true
372 31,212 true
373 32,212 true
374 32,212 true
375 32,212 true
376 32,212 true
377 32,212 true
378 32,212 true
379 32,212 true
380 32,212 true
381 32,212 true
382 32,212 true
383 32,212 true
384 32,212 true
385 33,212 true
386 33,212 true
387 33,212 true
388 33,212 true
389 33,212 true
390 33,212 true
391 33,212 true
392 33,212 true
393 33,212 true
394 33,212 true
395 33,212 true
396 33,212 true
397 34,212 true
398 34,212 true
399 34,212 true
400 34,212 true
401 34,212 true
402 34,212 true
403 34,212 true
404 34,212 true
405 34,212 true
406 34,212 true
407 34,212 true
408 34,212 true
409 35,212 true
410 35,212 true
411 35,212 true
412 35,212 true
413 35,212 true
414 35,212 true
415 35,212 true
416 35,212 true
417 35,212 true
418 35,212 true
419 35,212 true
420 35,212 true
421 36,212 true
422 36,212 true
423 36,212 true
424 36,212 true
425 36,212 true
426 36,212 true
427 36,212 true
428 36,212 true
429 36,212 true
430 36,212 true
431 36,212 true
432 36,212 true
433 37,212 true
434 37,212 true
435 37,212 true
436 37,212 true
437 37,212 true
438 37,212 true
439 37,212 true
440 37,212 true
441 37,212 true
442 37,212 true
443 37,212 true
444 37,212 true
445 38,212 true
446 38,212 true
447 38,212 true
448 38,212 true
449 38,212 true
450 38,212 true
451 38,212 true
452 38,212 true
453 38,212 true
454 38,212 true
455 38,212 true
456 38,212 true
457 39,212 true
458 39,212 true
459 39,212 true
460 39,212 true
461 39,212 true
462 39,212 true
463 39,212 true
464 39,212 true
465 39,212 true
466 39,212 true
467 39,212 true
468 39,212 true
469 40,212 true
470 40,212 true
471 40,212 true
472 40,212 true
473 40,212 true
474 40,212 true
475 40,212 true
476 40,212 true
477 40,212 true
478 40,212 true
479 40,212 true
480 40,212 true
481 41,212 true
482 41,212 true
483 41,212 true
484 41,212 true
485 41,212 true
486 41,212 true
487 41,212 true
488 41,212 true
489 41,212 true
490 41,212 true
491 41,212 true
492 41,212 true
493 42,212 true
494 42,212 true
495 42,212 true
496 42,212 true
497 42,212 true
498 42,212 true
499 42,212 true
500 42,212 true
501 42,212 true
502 42,212 true
503 42,212 true
504 42,212 true
505 43,212 true
506 43,212 true
507 43,212 true
508 43,212 true
509 43,212 true
510 43,212 true
511 43,212 true
512 43,212 true
513 43,212 true
514 43,212 true
515 43,212 true
516 43,212 true
517 44,212 true
518 44,212 true
519 44,212 true
520 44,212 true
521 44,212 true
522 44,212 true
523 44,212 true
524 44,212 true
525 44,212 true
526 44,212 true
527 44,212 true
528 44,212 true
529 45,212 true
530 45,212 true
531 45,212 true
532 45,212 true
533 45,212 true
534 45,212 true
535 45,212 true
536 45,212 true
537 45,212 true
538 45,212 true
539 45,212 true
540 45,212 true
541 46,212 true
542 46,212 true
543 46,212 true
544 46,212 true
545 46,212 true
546 46,212 true
547 46,212 true
548 46,212 true
549 46,212 true
550 46,212 true
551 46,212 true
552 46,212 true
553 47,212 true
554 47,212 true
555 47,212 true
556 47,212 true
557 47,212 true
558 47,212 true
559 47,212 true
560 47,212 true
561 47,212 true
562 47,212 true
563 47,212 true
564 47,212 true
565 48,212 true
566 48,212 true
567 48,212 true
568 48,212 true
569 48,212 true
570 48,212 true
571 48,212 true
572 48,212 true
573 48,212 true
574 48,212 true
575 48,212 true
576 48,212 true
577 49,212 true
578 49,212 true
579 49,212 true
580 49,212 true
581 49,212 true
582 49,212 true
583 49,212 true
584 49,212 true
585 49,212 true
586 49,212 true
587 49,212 true
588 49,212 true
589 50,212 true
590 50,212 true
591 50,212 true
592 50,212 true
593 50,212 true
594 50,212 true
595 50,212 true
596 50,212 true
597 50,212 true
598 50,212 true
599 50,212 true
600 50,212 true
601 51,212 true
602 51,212 true
603 51,212 true
604 51,212 true
605 51,212 true
606 51,212 true
607 51,212 true
608 51,212 true
609 51,212 true
610 51,212 true
611 51,212 true
612 51,212 true
613 52,212 true
614 52,212 true
615 52,212 true
616 52,212 true
617 52,212 true
618 52,212 true
619 52,212 true
620 52,212 true
621 52,212 true
622 52,212 true
623 52,212 true
624 52,212 true
625 53,212 true
626 53,212 true
627 53,212 true
628 53,212 true
629 53,212 true
630 53,212 true
631 53,212 true
632 53,212 true
633 53,212 true
634 53,212 true
635 53,212 true
636 53,212 true
637 54,212 true
638 54,212 true
639 54,212 true
640 54,212 true
641 54,212 true
642 54,212 true
643 54,212 true
644 54,212 true
645 54,212 true
646 54,212 true
647 54,212 true
648 54,212 true
649 55,212 true
650 55,212 true
651 55,212 true
652 55,212 true
653 55,212 true
654 55,212 true
655 55,212 true
656 55,212 true
657 55,212 true
658 55,212 true
659 55,212 true
660 55,212 true
661 56,212 true
662 56,212 true
663 56,212 true
664 56,212 true
665 56,212 true
666 56,212 true
667 56,212 true
668 56,212 true
669 56,212 true
670 56,212 true
671 56,212 true
672 56,212 true
673 57,212 true
674 57,212 true
675 57,212 true
676 57,212 true
677 57,212 true
678 57,212 true
679 57,212 true
680 57,212 true
681 57,212 true
682 57,212 true
683 57,212 true
684 57,212 true
685 58,212 true
686 58,212 true
687 58,212 true
688 58,212 true
689 58,212 true
690 58,212 true
691 58,212 true
692 58,212 true
693 58,212 true
694 58,212 true
695 58,212 true
696 58,212 true
697 59,212 true
698 59,212 true
699 59,212 true
700 59,212 true
701 59,212 true
702 59,212 true
703 59,212 true
704 59,212 true
705 59,212 true
706 59,212 true
707 59,212 true
708 59,212 true
709 60,212 true
710 60,212 true
711 60,212 true
712 60,212 true
713 60,212 true
714 60,212 true
715 60,212 true
716 60,212 true
717 60,212 true
718 60,212 true
719 60,212 true
720 60,212 true
721 61,212 true
722 61,212 true
723 61,212 true
724 61,212 true
725 61,212 true
726 61,212 true
727 61,212 true
728 61,212 true
729 61,212 true
730 61,212 true
731 61,212 true
732 61,212 true
733 62,212 true
734 62,212 true
735 62,212 true
736 62,212 true
737 62,212 true
738 62,212 true
739 62,212 true
740 62,212 true
741 62,212 true
742 62,212 true
743 62,212 true
744 62,212 true
745 63,212 true
746 63,212 true
747 63,212 true
748 63,212 true
749 63,212 true
750 63,212 true
751 63,212 true
752 63,212 true
753 63,212 true
754 63,212 true
755 63,212 true
756 63,212 true
757 64,212 true
758 64,212 true
759 64,212 true
760 64,212 true
761 64,212 true
762 64,212 true
763 64,212 true
764 64,212 true
765 64,212 true
766 64,212 true
767 64,212 true
768 64,212 true
769 65,212 true
770 65,212 true
771 65,212 true
772 65,212 true
773 65,212 true
774 65,212 true
775 65,212 true
776 65,212 true
777 65,212 true
778 65,212 true
779 65,212 true
780 65,212 true
781 66,212 true
782 66,212 true
783 66,212 true
784 66,212 true
785 66,212 true
786 66,212 true
787 66,212 true
788 66,212 true
789 66,212 true
790 66,212 true
791 66,212 true
792 66,212 true
793 67,212 true
794 67,212 true
795 67,212 true
796 67,212 true
797 67,212 true
798 67,212 true
799 67,212 true
800 67,212 true
801 67,212 true
802 67,212 true
803 67,212 true
804 67,212 true
805 68,212 true
806 68,212 true
807 68,212 true
808 68,212 true
809 68,212 true
810 68,212 true
811 68,212 true
812 68,212 true
813 68,212 true
814 68,212 true
815 68,212 true
816 68,212 true
817 69,212 true
818 69,212 true
819 69,212 true
820 69,212 true
821 69,212 true
822 69,212 true
823 69,212 true
824 69,212 true
825 69,212 true
826 69,212 true
827 69,212 true
828 69,212 true
829 70,212 true
830 70,212 true
831 70,212 true
832 70,212 true
833 70,212 true
834 70,212 true
835 70,212 true
836 70,212 true
837 70,212 true
838 70,212 true
839 70,212 true
840 70,212 true
841 71,212 true
842 71,212 true
843 71,212 true
844 71,212 true
845 71,212 true
846 71,212 true
847 71,212 true
848 71,212 true
849 71,212 true
850 71,212 true
851 71,212 true
852 71,212 true
853 72,212 true
854 72,212 true
855 72,212 true
856 72,212 true
857 72,212 true
858 72,212 true
859 72,212 true
860 72,212 true
861 72,212 true
862 72,212 true
863 72,212 true
864 72,212 true
865 73,212 true
866 73,212 true
867 73,212 true
868 73,212 true
869 73,212 true
870 73,212 true
871 73,212 true
872 73,212 true
873 73,212 true
874 73,212 true
875 73,212 true
876 73,212 true
877 74,212 true
878 74,212 true
879 74,212 true
880 74,212 true
881 74,212 true
882 74,212 true
883 74,212 true
884 74,212 true
885 74,212 true
886 74,212 true
887 74,212 true
888 74,212 true
889 75,212 true
890 75,212 true
891 75,212 true
892 75,212 true
893 75,212 true
894 75,212 true
895 75,212 true
896 75,212 true
897 75,212 true
898 75,212 true
899 75,212 true
900 75,212 true
901 76,212 true
902 76,212 true
903 76,212 true
904 76,212 true
905 76,212 true
906 76,212 true
907 76,212 true
908 76,212 true
909 76,212 true
910 76,212 true
911 76,212 true
912 76,212 true
913 77,212 true
914 77,212 true
915 77,212 true
916 77,212 true
917 77,212 true
918 77,212 true
919 77,212 true
920 77,212 true
921 77,212 true
922 77,212 true
923 77,212 true
924 77,212 true
925 78,212 true
926 78,212 true
927 78,212 true
928 78,212 true
929 78,212 true
930 78,212 true
931 78,212 true
932 78,212 true
933 78,212 true
934 78,212 true
935 78,212 true
936 78,212 true
937 79,212 true
938 79,212 true
939 79,212 true
940 79,212 true
941 79,212 true
942 79,212 true
943 79,212 true
944 79,212 true
945 79,212 true
946 79,212 true
947 79,212 true
948 79,212 true
949 80,212 true
950 80,212 true
951 80,212 true
952 80,212 true
953 80,212 true
954 80,212 true
955 80,212 true
956 80,212 true
957 80,212 true
958 80,212 true
959 80,212 true
960 80,212 true
961 81,212 true
962 81,212 true
963 81,212 true
964 81,212 true
965 81,212 true
966 81,212 true
967 81,212 true
968 81,212 true
969 81,212 true
970 81,212 true
971 81,212 true
972 81,212 true
973 82,212 true
974 82,212 true
975 82,212 true
976 82,212 true
977 82,212 true
978 82,212 true
979 82,212 true
980 82,212 true
981 82,212 true
982 82,212 true
983 82,212 true
984 82,212 true
985 83,212 true
986 83,212 true
987 83,212 true
988 83,212 true
989 83,212 true
990 83,212 true
991 83,212 true
992 83,212 true
993 83,212 true
994 83,212 true
995 83,212 true
996 83,212 true
997 84,212 true
998 84,212 true
999 84,212 true
1000 84,212 true
1001 84,212 true
1002 84,212 true
1003 84,212 true
1004 84,212 true
1005 84,212 true
1006 84,212 true
1007 84,212 true
1008 84,212 true
1009 85,212 true
1010 85,212 true
1011 85,212 true
1012 85,212 true
1013 85,212 true
1014 85,212 true
1015 85,212 true
1016 85,212 true
1017 85,212 true
1018 85,212 true
1019 85,212 true
1020 85,212 true
1021 86,212 true
1022 86,212 true
1023 86,212 true
1024 86,212 true
1025 86,212 true
1026 86,212 true
1027 86,212 true
1028 86,212 true
1029 86,212 true
1030 86,212 true
1031 86,212 true
1032 86,212 true
1033 87,212 true
1034 87,212 true
1035 87,212 true
1036 87,212 true
1037 87,212 true
1038 87,212 true
1039 87,212 true
1040 87,212 true
1041 87,212 true
1042 87,212 true
1043 87,212 true
1044 87,212 true
1045 88,212 true
1046 88,212 true
1047 88,212 true
1048 88,212 true
1049 88,212 true
1050 88,212 true
1051 88,212 true
1052 88,212 true
1053 88,212 true
1054 88,212 true
1055 88,212 true
1056 88,212 true
1057 89,212 true
1058 89,212 true
1059 89,212 true
1060 89,212 true
1061 89,212 true
1062 89,212 true
1063 89,212 true
1064 89,212 true
1065 89,212 true
1066 89,212 true
1067 89,212 true
1068 89,212 true
1069 90,212 true
1070 90,212 true
1071 90,212 true
1072 90,212 true
1073 90,212 true
1074 90,212 true
1075 90,212 true
1076 90,212 true
1077 90,212 true
1078 90,212 true
1079 90,212 true
1080 90,212 true
1081 91,212 true
1082 91,212 true
1083 91,212 true
1084 91,212 true
1085 91,212 true
1086 91,212 true
1087 91,212 true
1088 91,212 true
1089 91,212 true
1090 91,212 true
1091 91,212 true
1092 91,212 true
1093 92,212 true
1094 92,212 true
1095 92,212 true
1096 92,212 true
1097 92,212 true
1098 92,212 true
1099 92,212 true
1100 92,212 true
1101 92,212 true
1102 92,212 true
1103 92,212 true
1104 92,212 true
1105 93,212 true
1106 93,212 true
1107 93,212 true
1108 93,212 true
1109 93,212 true
1110 93,212 true
1111 93,212 true
1112 93,212 true
1113 93,212 true
1114 93,212 true
1115 93,212 true
1116 93,212 true
1117 94,212 true
1118 94,212 true
1119 94,212 true
1120 94,212 true
1121 94,212 true
1122 94,212 true
1123 94,212 true
1124 94,212 true
1125 94,212 true
1126 94,212 true
1127 94,212 true
1128 94,212 true
1129 95,212 true
1130 95,212 true
1131 95,212 true
1132 95,212 true
1133 95,212 true
1134 95,212 true
1135 95,212 true
1136 95,212 true
1137 95,212 true
1138 95,212 true
1139 95,212 true
1140 95,212 true
1141 96,212 true
1142 96,212 true
1143 96,212 true
1144 96,212 true
1145 96,212 true
1146 96,212 true
1147 96,212 true
1148 96,212 true
1149 96,212 true
1150 96,212 true
1151 96,212 true
1152 96,212 true
1153 97,212 true
1154 97,212 true
1155 97,212 true
1156 97,212 true
1157 97,212 true
1158 97,212 true
1159 97,212 true
1160 97,212 true
1161 97,212 true
1162 97,212 true
1163 97,212 true
1164 97,212 true
1165 98,212 true
1166 98,212 true
1167 98,212 true
1168 98,212 true
1169 98,212 true
1170 98,212 true
1171 98,212 true
1172 98,212 true
1173 98,212 true
1174 98,212 true
1175 98,212 true
1176 98,212 true
1177 99,212 true
1178 99,212 true
1179 99,212 true
1180 99,212 true
1181 99,212 true
1182 99,212 true
1183 99,212 true
1184 99,212 true
1185 99,212 true
1186 99,212 true
1187 99,212 true
1188 99,212 true
1189 100,212 true
1190 100,212 true
1191 100,212 true
1192 100,212 true
1193 100,212 true
1194 100,212 true
1195 100,212 true
1196 100,212 true
1197 100,212 true
1198 100,212 true
1199 100,212 true
1200 100,212 true
1201 101,212 true
1202 101,212 true
1203 101,212 true
1204 101,212 true
1205 101,212 true
1206 101,212 true
1207 101,212 true
1208 101,212 true
1209 101,212 true
1210 101,212 true
1211 101,212 true
1212 101,212 true
1213 102,212 true
1214 102,212 true
1215 102,212 true
1216 102,212 true
1217 102,212 true
1218 102,212 true
1219 102,212 true
1220 102,212 true
1221 102,212 true
1222 102,212 true
1223 102,212 true
1224 102,212 true
1225 103,212 true
1226 103,212 true
1227 103,212 true
1228 103,212 true
1229 103,212 true
1230 103,212 true
1231 103,212 true
1232 103,212 true
1233 103,212 true
1234 103,212 true
1235 103,212 true
1236 103,212 true
1237 104,212 true
1238 104,212 true
1239 104,212 true
1240 104,212 true
1241 104,212 true
1242 104,212 true
1243 104,212 true
1244 104,212 true
1245 104,212 true
1246 104,212 true
1247 104,212 true
1248 104,212 true
1249 105,212 true
1250 105,212 true
1251 105,212 true
1252 105,212 true
1253 105,212 true
1254 105,212 true
1255 105,212 true
1256 105,212 true
1257 105,212 true
1258 105,212 true
1259 105,212 true
1260 105,212 true
1261 106,212 true
1262 106,212 true
1263 106,212 true
1264 106,212 true
1265 106,212 true
1266 106,212 true
1267 106,212 true
1268 106,212 true
1269 106,212 true
1270 106,212 true
1271 106,212 true
1272 106,212 true
1273 107,212 true
1274 107,212 true
1275 107,212 true
1276 107,212 true
1277 107,212 true
1278 107,212 true
1279 107,212 true
1280 107,212 true
1281 107,212 true
1282 107,212 true
1283 107,212 true
1284 107,212 true
1285 108,212 true
1286 108,212 true
1287 108,212 true
1288 108,212 true
1289 108,212 true
1290 108,212 true
1291 108,212 true
1292 108,212 true
1293 108,212 true
1294 108,212 true
1295 108,212 true
1296 108,212 true
1297 109,212 true
1298 109,212 true
1299 109,212 true
1300 109,212 true
1301 109,212 true
1302 109,212 true
1303 109,212 true
1304 109,212 true
1305 109,212 true
1306 109,212 true
1307 109,212 true
1308 109,212 true
1309 110,212 true
1310 110,212 true
1311 110,212 true
1312 110,212 true
1313 110,212 true
1314 110,212 true
1315 110,212 true
1316 110,212 true
1317 110,212 true
1318 110,212 true
1319 110,212 true
1320 110,212 true
1321 111,212 true
1322 111,212 true
1323 111,212 true
1324 111,212 true
1325 111,212 true
1326 111,212 true
1327 111,212 true
1328 111,212 true
1329 111,212 true
1330 111,212 true
1331 111,212 true
1332 111,212 true
1333 112,212 true
1334 112,212 true
1335 112,212 true
1336 112,212 true
1337 112,212 true
1338 112,212 true
1339 112,212 true
1340 112,212 true
1341 112,212 true
1342 112,212 true
1343 112,212 true
1344 112,212 true
1345 113,212 true
1346 113,212 true
1347 113,212 true
1348 113,212 true
1349 113,212 true
1350 113,212 true
1351 113,212 true
1352 113,212 true
1353 113,212 true
1354 113,212 true
1355 113,212 true
1356 113,212 true
1357 114,212 true
1358 114,212 true
1359 114,212 true
1360 114,212 true
1361 114,212 true
1362 114,212 true
1363 114,212 true
1364 114,212 true
1365 114,212 true
1366 114,212 true
1367 114,212 true
1368 114,212 true
1369 115,212 true
1370 115,212 true
1371 115,212 true
1372 115,212 true
1373 115,212 true
1374 115,212 true
1375 115,212 true
1376 115,212 true
1377 115,212 true
1378 115,212 true
1379 115,212 true
1380 115,212 true
1381 116,212 true
1382 116,212 true
1383 116,212 true
1384 116,212 true
1385 116,212 true
1386 116,212 true
1387 116,212 true
1388 116,212 true
1389 116,212 true
1390 116,212 true
1391 116,212 true
1392 116,212 true
1393 117,212 true
1394 117,212 true
1395 117,212 true
1396 117,212 true
1397 117,212 true
1398 117,212 true
1399 117,212 true
1400 117,212 true
1401 117,212 true
1402 117,212 true
1403 117,212 true
1404 117,212 true
1405 118,212 true
1406 118,212 true
1407 118,212 true
1408 118,212 true
1409 118,212 true
1410 118,212 true
1411 118,212 true
1412 118,212 true
1413 118,212 true
1414 118,212 true
1415 118,212 true
1416 118,212 true
1417 119,212 true
1418 119,212 true
1419 119,212 true
1420 119,212 true
1421 119,212 true
1422 119,212 true
1423 119,212 true
1424 119,212 true
1425 119,212 true
1426 119,212 true
1427 119,212 true
1428 119,212 true
1429 120,212 true
1430 120,212 true
1431 120,212 true
1432 120,212 true
1433 120,212 true
1434 120,212 true
1435 120,212 true
1436 120,212 true
1437 120,212 true
1438 120,212 true
1439 120,212 true
1440 120,212 true
1441 121,212 true
1442 121,212 true
1443 121,212 true
1444 121,212 true
1445 121,212 true
1446 121,212 true
1447 121,212 true
1448 121,212 true
1449 121,212 true
1450 121,212 true
1451 121,212 true
1452 121,212 true
1453 122,212 true
1454 122,212 true
1455 122,212 true
1456 122,212 true
1457 122,212 true
1458 122,212 true
1459 122,212 true
1460 122,212 true
1461 122,212 true
1462 122,212 true
1463 122,212 true
1464 122,212 true
1465 123,212 true
1466 123,212 true
1467 123,212 true
1468 123,212 true
1469 123,212 true
1470 123,212 true
1471 123,212 true
1472 123,212 true
1473 123,212 true
1474 123,212 true
1475 123,212 true
1476 123,212 true
1477 124,212 true
1478 124,212 true
1479 124,212 true
1480 124,212 true
1481 124,212 true
1482 124,212 true
1483 124,212 true
1484 124,212 true
1485 124,212 true
1486 124,212 true
1487 124,212 true
1488 124,212 true
1489 125,212 true
1490 125,212 true
1491 125,212 true
1492 125,212 true
1493 125,212 true
1494 125,212 true
1495 125,212 true
1496 125,212 true
1497 125,212 true
1498 125,212 true
1499 125,212 true
1500 125,212 true
1501 126,212 true
1502 126,212 true
1503 126,212 true
1504 126,212 true
1505 126,212 true
1506 126,212 true
1507 126,212 true
1508 126,212 true
1509 126,212 true
1510 126,212 true
1511 126,212 true
1512 126,212 true
1513 127,212 true
1514 127,212 true
1515 127,212 true
1516 127,212 true
1517 127,212 true
1518 127,212 true
1519 127,212 true
1520 127,212 true
1521 127,212 true
1522 127,212 true
1523 127,212 true
1524 127,212 true
1525 128,212 true
1526 128,212 true
1527 128,212 true
1528 128,212 true
1529 128,212 true
1530 128,212 true
1531 128,212 true
1532 128,212 true
1533 128,212 true
1534 128,212 true
1535 128,212 true
1536 128,212 true
1537 129,212 true
1538 129,212 true
1539 129,212 true
1540 129,212 true
1541 129,212 true
1542 129,212 true
1543 129,212 true
1544 129,212 true
1545 129,212 true
1546 129,212 true
1547 129,212 true
1548 129,212 true
1549 130,212 true
1550 130,212 true
1551 130,212 true
1552 130,212 true
1553 130,212 true
1554 130,212 true
1555 130,212 true
1556 130,212 true
1557 130,212 true
1558 130,212 true
1559 130,212 true
1560 130,212 true
1561 131,212 true
1562 131,212 true
1563 131,212 true
1564 131,212 true
1565 131,212 true
1566 131,212 true
1567 131,212 true
1568 131,212 true
1569 131,212 true
1570 131,212 true
1571 131,212 true
1572 131,212 true
1573 132,212 true
1574 132,212 true
1575 132,212 true
1576 132,212 true
1577 132,212 true
1578 132,212 true
1579 132,212 true
1580 132,212 true
1581 132,212 true
1582 132,212 true
1583 132,212 true
1584 132,212 true
1585 133,212 true
1586 133,212 true
1587 133,212 true
1588 133,212 true
1589 133,212 true
1590 133,212 true
1591 133,212 true
1592 133,212 true
1593 133,212 true
1594 133,212 true
1595 133,212 true
1596 133,212 true
1597 134,212 true
1598 134,212 true
1599 134,212 true
1600 134,212 true
1601 134,212 true
1602 134,212 true
1603 134,212 true
1604 134,212 true
1605 134,212 true
1606 134,212 true
1607 134,212 true
1608 134,212 true
1609 135,212 true
1610 135,212 true
1611 135,212 true
1612 135,212 true
1613 135,212 true
1614 135,212 true
1615 135,212 true
1616 135,212 true
1617 135,212 true
1618 135,212 true
1619 135,212 true
1620 135,212 true
1621 136,212 true
1622 136,212 true
1623 136,212 true
1624 136,212 true
1625 136,212 true
1626 136,212 true
1627 136,212 true
1628 136,212 true
1629 136,212 true
1630 136,212 true
1631 136,212 true
1632 136,212 true
1633 137,212 true
1634 137,212 true
1635 137,212 true
1636 137,212 true
1637 137,212 true
1638 137,212 true
1639 137,212 true
1640 137,212 true
1641 137,212 true
1642 137,212 true
1643 137,212 true
1644 137,212 true
1645 138,212 true
1646 138,212 true
1647 138,212 true
1648 138,212 true
1649 138,212 true
1650 138,212 true
1651 138,212 true
1652 138,212 true
1653 138,212 true
1654 138,212 true
1655 138,212 true
1656 138,212 true
1657 139,212 true
1658 139,212 true
1659 139,212 true
1660 139,212 true
1661 139,212 true
1662 139,212 true
1663 139,212 true
1664 139,212 true
1665 139,212 true
1666 139,212 true
1667 139,212 true
1668 139,212 true
1669 140,212 true
1670 140,212 true
1671 140,212 true
1672 140,212 true
1673 140,212 true
1674 140,212 true
1675 140,212 true
1676 140,212 true
1677 140,212 true
1678 140,212 true
1679 140,212 true
1680 140,212 true
1681 141,212 true
1682 141,212 true
1683 141,212 true
1684 141,212 true
1685 141,212 true
1686 141,212 true
1687 141,212 true
1688 141,212 true
1689 141,212 true
1690 141,212 true
1691 141,212 true
1692 141,212 true
1693 142,212 true
1694 142,212 true
1695 142,212 true
1696 142,212 true
1697 142,212 true
1698 142,212 true
1699 142,212 true
1700 142,212 true
1701 142,212 true
1702 142,212 true
1703 142,212 true
1704 142,212 true
1705 143,212 true
1706 143,212 true
1707 143,212 true
1708 143,212 true
1709 143,212 true
1710 143,212 true
1711 143,212 true
1712 143,212 true
1713 143,212 true
1714 143,212 true
1715 143,212 true
1716 143,212 true
1717 144,212 true
1718 144,212 true
1719 144,212 true
1720 144,212 true
1721 144,212 true
1722 144,212 true
1723 144,212 true
1724 144,212 true
1725 144,212 true
1726 144,212 true
1727 144,212 true
1728 144,212 true
1729 145,212 true
1730 145,212 true
1731 145,212 true
1732 145,212 true
1733 145,212 true
1734 145,212 true
1735 145,212 true
1736 145,212 true
1737 145,212 true
1738 145,212 true
1739 145,212 true
1740 145,212 true
1741 146,212 true
1742 146,212 true
1743 146,212 true
1744 146,212 true
1745 146,212 true
1746 146,212 true
1747 146,212 true
1748 146,212 true
1749 146,212 true
1750 146,212 true
1751 146,212 true
1752 146,212 true
1753 147,212 true
1754 147,212 true
1755 147,212 true
1756 147,212 true
1757 147,212 true
1758 147,212 true
1759 147,212 true
1760 147,212 true
1761 147,212 true
1762 147,212 true
1763 147,212 true
1764 147,212 true
1765 148,212 true
1766 148,212 true
1767 148,212 true
1768 148,212 true
1769 148,212 true
1770 148,212 true
1771 148,212 true
1772 148,212 true
1773 148,212 true
1774 148,212 true
1775 148,212 true
1776 148,212 true
1777 149,212 true
1778 149,212 true
1779 149,212 true
1780 149,212 true
1781 149,212 true
1782 149,212 true
1783 149,212 true
1784 149,212 true
1785 149,212 true
1786 149,212 true
1787 149,212 true
1788 149,212 true
1789 150,212 true
1790 150,212 true
1791 150,212 true
1792 150,212 true
1793 150,212 true
1794 150,212 true
1795 150,212 true
1796 150,212 true
1797 150,212 true
1798 150,212 true
1799 150,212 true
1800 150,212 true
1801 151,212 true
1802 151,212 true
1803 151,212 true
1804 151,212 true
1805 151,212 true
1806 151,212 true
1807 151,212 true
1808 151,212 true
1809 151,212 true
1810 151,212 true
1811 151,212 true
1812 151,212 true
1813 152,212 true
1814 152,212 true
1815 152,212 true
1816 152,212 true
1817 152,212 true
1818 152,212 true
1819 152,212 true
1820 152,212 true
1821 152,212 true
1822 152,212 true
1823 152,212 true
1824 152,212 true
1825 153,212 true
1826 153,212 true
1827 153,212 true
1828 153,212 true
1829 153,212 true
1830 153,212 true
1831 153,212 true
1832 153,212 true
1833 153,212 true
1834 153,212 true
1835 153,212 true
1836 153,212 true
1837 154,212 true
1838 154,212 true
1839 154,212 true
1840 154,212 true
1841 154,212 true
1842 154,212 true
1843 154,212 true
1844 154,212 true
1845 154,212 true
1846 154,212 true
1847 154,212 true
1848 154,212 true
1849 155,212 true
1850 155,212 true
1851 155,212 true
1852 155,212 true
1853 155,212 true
1854 155,212 true
1855 155,212 true
1856 155,212 true
1857 155,212 true
1858 155,212 true
1859 155,212 true
1860 155,212 true
1861 156,212 true
1862 156,212 true
1863 156,212 true
1864 156,212 true
1865 156,212 true
1866 156,212 true
1867 156,212 true
1868 156,212 true
1869 156,212 true
1870 156,212 true
1871 156,212 true
1872 156,212 true
1873 157,212 true
1874 157,212 true
1875 157,212 true
1876 157,212 true
1877 157,212 true
1878 157,212 true
1879 157,212 true
1880 157,212 true
1881 157,212 true
1882 157,212 true
1883 157,212 true
1884 157,212 true
1885 158,212 true
1886 158,212 true
1887 158,212 true
1888 158,212 true
1889 158,212 true
1890 158,212 true
1891 158,212 true
1892 158,212 true
1893 158,212 true
1894 158,212 true
1895 158,212 true
1896 158,212 true
1897 159,212 true
1898 159,212 true
1899 159,212 true
1900 159,212 true
1901 159,212 true
1902 159,212 true
1903 159,212 true
1904 159,212 true
1905 159,212 true
1906 159,212 true
1907 159,212 true
1908 159,212 true
1909 160,212 true
1910 160,212 true
1911 160,212 true
1912 160,212 true
1913 160,212 true
1914 160,212 true
1915 160,212 true
1916 160,212 true
1917 160,212 true
1918 160,212 true
1919 160,212 true
1920 160,212 true
1921 161,212 true
1922 161,212 true
1923 161,212 true
1924 161,212 true
1925 161,212 true
1926 161,212 true
1927 161,212 true
1928 161,212 true
1929 161,212 true
1930 161,212 true
1931 161,212 true
1932 161,212 true
1933 162,212 true
1934 162,212 true
1935 162,212 true
1936 162,212 true
1937 162,212 true
1938 162,212 true
1939 162,212 true
1940 162,212 true
1941 162,212 true
1942 162,212 true
1943 162,212 true
1944 162,212 true
1945 163,212 true
1946 163,212 true
1947 163,212 true
1948 163,212 true
1949 163,212 true
1950 163,212 true
1951 163,212 true
1952 163,212 true
1953 163,212 true
1954 163,212 true
1955 163,212 true
1956 163,212 true
1957 164,212 true
1958 164,212 true
1959 164,212 true
1960 164,212 true
1961 164,212 true
1962 164,212 true
1963 164,212 true
1964 164,212 true
1965 164,212 true
1966 164,212 true
1967 164,212 true
1968 164,212 true
1969 165,212 true
1970 165,212 true
1971 165,212 true
1972 165,212 true
1973 165,212 true
1974 165,212 true
1975 165,212 true
1976 165,212 true
1977 165,212 true
1978 165,212 true
1979 165,212 true
1980 165,212 true
1981 166,212 true
1982 166,212 true
1983 166,212 true
1984 166,212 true
1985 166,212 true
1986 166,212 true
1987 166,212 true
1988 166,212 true
1989 166,212 true
1990 166,212 true
1991 166,212 true
1992 166,212 true
1993 167,212 true
1994 167,212 true
1995 167,212 true
1996 167,212 true
1997 167,212 true
1998 167,212 true
1999 167,212 true
2000 167,212 true
2001 167,212 true
2002 167,212 true
2003 167,212 true
2004 167,212 true
2005 168,212 true
2006 168,212 true
2007 168,212 true
2008 168,212 true
2009 168,212 true
2010 168,212 true
2011 168,212 true
2012 168,212 true
2013 168,212 true
2014 168,212 true
2015 168,212 true
2016 168,212 true
2017 169,212 true
2018 169,212 true
2019 169,212 true
2020 169,212 true
2021 169,212 true
2022 169,212 true
2023 169,212 true
2024 169,212 true
2025 169,212 true
2026 169,212 true
2027 169,212 true
2028 169,212 true
2029 170,212 true
2030 170,212 true
2031 170,212 true
2032 170,212 true
2033 170,212 true
2034 170,212 true
2035 170,212 true
2036 170,212 true
2037 170,212 true
2038 170,212 true
2039 170,212 true
2040 170,212 true
2041 171,212 true
2042 171,212 true
2043 171,212 true
2044 171,212 true
2045 171,212 true
2046 171,212 true
2047 171,212 true
2048 171,212 true
2049 171,212 true
2050 171,212 true
2051 171,212 true
2052 171,212 true
2053 172,212 true
2054 172,212 true
2055 172,212 true
2056 172,212 true
2057 172,212 true
2058 172,212 true
2059 172,212 true
2060 172,212 true
2061 172,212 true
2062 172,212 true
2063 172,212 true
2064 172,212 true
2065 173,212 true
2066 173,212 true
2067 173,212 true
2068 173,212 true
2069 173,212 true
2070 173,212 true
2071 173,212 true
2072 173,212 true
2073 173,212 true
2074 173,212 true
2075 173,212 true
2076 173,212 true
2077 174,212 true
2078 174,212 true
2079 174,212 true
2080 174,212 true
2081 174,212 true
2082 174,212 true
2083 174,212 true
2084 174,212 true
2085 174,212 true
2086 174,212 true
2087 174,212 true
2088 174,212 true
2089 175,212 true
2090 175,212 true
2091 175,212 true
2092 175,212 true
2093 175,212 true
2094 175,212 true
2095 175,212 true
2096 175,212 true
2097 175,212 true
2098 175,212 true
2099 175,212 true
2100 175,212 true
2101 176,212 true
2102 176,212 true
2103 176,212 true
2104 176,212 true
2105 176,212 true
2106 176,212 true
2107 176,212 true
2108 176,212 true
2109 176,212 true
2110 176,212 true
2111 176,212 true
2112 176,212 true
2113 177,212 true
2114 177,212 true
2115 177,212 true
2116 177,212 true
2117 177,212 true
2118 177,212 true
2119 177,212 true
2120 177,212 true
2121 177,212 true
2122 177,212 true
2123 177,212 true
2124 177,212 true
2125 178,212 true
2126 178,212 true
2127 178,212 true
2128 178,212 true
2129 178,212 true
2130 178,212 true
2131 178,212 true
2132 178,212 true
2133 178,212 true
2134 178,212 true
2135 178,212 true
2136 178,212 true
2137 179,212 true
2138 179,212 true
2139 179,212 true
2140 179,212 true
2141 179,212 true
2142 179,212 true
2143 179,212 true
2144 179,212 true
2145 179,212 true
2146 179,212 true
2147 179,212 true
2148 179,212 true
2149 180,212 true
2150 180,212 true
2151 180,212 true
2152 180,212 true
2153 180,212 true
2154 180,212 true
2155 180,212 true
2156 180,212 true
2157 180,212 true
2158 180,212 true
2159 180,212 true
2160 180,212 true
2161 181,212 true
2162 181,212 true
2163 181,212 true
2164 181,212 true
2165 181,212 true
2166 181,212 true
2167 181,212 true
2168 181,212 true
2169 181,212 true
2170 181,212 true
2171 181,212 true
2172 181,212 true
2173 182,212 true
2174 182,212 true
2175 182,212 true
2176 182,212 true
2177 182,212 true
2178 182,212 true
2179 182,212 true
2180 182,212 false
2181 182,212 false
2182 182,212 false
2183 182,212 false
2184 182,212 false
2185 183,212 false
2186 183,212 false
2187 183,212 false
2188 183,212 false
2189 183,212 false
2190 183,212 false
2191 183,212 false
2192 183,212 false
2193 183,212 false
2194 183,212 false
2195 183,212 false
2196 183,212 false
2197 184,212 false
2198 184,212 false
2199 184,212 false
2200 184,212 false
2201 184,212 false
2202 184,212 false
2203 184,212 false
2204 184,212 false
2205 184,212 false
2206 184,212 false
2207 184,212 false
2208 184,212 false
2209 185,212 false
2210 185,212 false
2211 185,212 false
2212 185,212 false
2213 185,212 false
2214 185,212 false
2215 185,212 false
2216 185,212 false
2217 185,212 false
2218 185,212 false
2219 185,212 false
2220 185,212 false
2221 186,212 false
2222 186,212 false
2223 186,212 false
2224 186,212 false
2225 186,212 false
2226 186,212 false
2227 186,212 false
2228 186,212 false
2229 186,212 false
2230 186,212 false
2231 186,212 false
2232 186,212 false
2233 187,212 false
2234 187,212 false
2235 187,212 false
2236 187,212 false
2237 187,212 false
2238 187,212 false
2239 187,212 false
2240 187,212 false
2241 187,212 false
2242 187,212 false
2243 187,212 false
2244 187,212 false
2245 188,212 false
2246 188,212 false
2247 188,212 false
2248 188,212 false
2249 188,212 false
2250 188,212 false
2251 188,212 false
2252 188,212 false
2253 188,212 false
2254 188,212 false
2255 188,212 false
2256 188,212 false
2257 189,212 false
2258 189,212 false
2259 189,212 false
2260 189,212 false
2261 189,212 false
2262 189,212 false
2263 189,212 false
2264 189,212 false
2265 189,212 false
2266 189,212 false
2267 189,212 false
2268 189,212 false
2269 190,212 false
2270 190,212 false
2271 190,212 false
2272 190,212 false
2273 190,212 false
2274 190,212 false
2275 190,212 false
2276 190,212 false
2277 190,212 false
2278 190,212 false
2279 190,212 false
2280 190,212 false
2281 191,212 false
2282 191,212 false
2283 191,212 false
2284 191,212 false
2285 191,212 false
2286 191,212 false
2287 191,212 false
2288 191,212 false
2289 191,212 false
2290 191,212 false
2291 191,212 false
2292 191,212 false
2293 192,212 false
2294 192,212 false
2295 192,212 false
2296 192,212 false
2297 192,212 false
2298 192,212 false
2299 192,212 false
2300 192,212 false
2301 192,212 false
2302 192,212 false
2303 192,212 false
2304 192,212 false
2305 193,212 false
2306 193,212 false
2307 193,212 false
2308 193,212 false
2309 193,212 false
2310 193,212 false
2311 193,212 false
2312 193,212 false
2313 193,212 false
2314 193,212 false
2315 193,212 false
2316 193,212 false
2317 194,212 false
2318 194,212 false
2319 194,212 false
2320 194,212 false
2321 194,212 false
2322 194,212 false
2323 194,212 false
2324 194,212 false
2325 194,212 false
2326 194,212 false
2327 194,212 false
2328 194,212 false
2329 195,212 false
2330 195,212 false
2331 195,212 false
2332 195,212 false
2333 195,212 false
2334 195,212 false
2335 195,212 false
2336 195,212 false
2337 195,212 false
2338 195,212 false
2339 195,212 false
2340 195,212 false
2341 196,212 false
2342 196,212 false
2343 196,212 false
2344 196,212 false
2345 196,212 false
2346 196,212 false
2347 196,212 false
2348 196,212 false
2349 196,212 false
2350 196,212 false
2351 196,212 false
2352 196,212 false
2353 197,212 false
2354 197,212 false
2355 197,212 false
2356 197,212 false
2357 197,212 false
2358 197,212 false
2359 197,212 false
2360 197,212 false
2361 197,212 false
2362 197,212 false
2363 197,212 false
2364 197,212 false
2365 198,212 false
2366 198,212 false
2367 198,212 false
2368 198,212 false
2369 198,212 false
2370 198,212 false
2371 198,212 false
2372 198,212 false
2373 198,212 false
2374 198,212 false
2375 198,212 false
2376 198,212 false
2377 199,212 false
2378 199,212 false
2379 199,212 false
2380 199,212 false
2381 199,212 false
2382 199,212 false
2383 199,212 false
2384 199,212 false
2385 199,212 false
2386 199,212 false
2387 199,212 false
2388 199,212 false
2389 200,212 false
2390 200,212 false
2391 200,212 false
2392 200,212 false
2393 200,212 false
2394 200,212 false
2395 200,212 false
2396 200,212 false
2397 200,212 false
2398 200,212 false
2399 200,212 false
2400 200,212 false
2401 201,212 false
2402 201,212 false
2403 201,212 false
2404 201,212 false
2405 201,212 false
2406 201,212 false
2407 201,212 false
2408 201,212 false
2409 201,212 false
2410 201,212 false
2411 201,212 false
2412 201,212 false
2413 202,212 false
2414 202,212 false
2415 202,212 false
2416 202,212 false
2417 202,212 false
2418 202,212 false
2419 202,212 false
2420 202,212 false
2421 202,212 false
2422 202,212 false
2423 202,212 false
2424 202,212 false
2425 203,212 false
2426 203,212 false
2427 203,212 false
2428 203,212 false
2429 203,212 false
2430 203,212 false
2431 203,212 false
2432 203,212 false
2433 203,212 false
2434 203,212 false
2435 203,212 false
2436 203,212 false
2437 204,212 false
2438 204,212 false
2439 204,212 false
2440 204,212 false
2441 204,212 false
2442 204,212 false
2443 204,212 false
2444 204,212 false
2445 204,212 false
2446 204,212 false
2447 204,212 false
2448 204,212 false
2449 205,212 false
2450 205,212 false
2451 205,212 false
2452 205,212 false
2453 205,212 false
2454 205,212 false
2455 205,212 false
2456 205,212 false
2457 205,212 false
2458 205,212 false
2459 205,212 false
2460 205,212 false
2461 206,212 true
2462 206,212 true
2463 206,212 true
2464 206,212 true
2465 206,212 true
2466 206,212 true
2467 206,212 true
2468 206,212 true
2469 206,212 true
2470 206,212 true
2471 206,212 true
2472 206,212 true
2473 207,212 true
2474 207,212 true
2475 207,212 true
2476 207,212 true
2477 207,212 true
2478 207,212 true
2479 207,212 true
2480 207,212 true
2481 207,212 true
2482 207,212 true
2483 207,212 true
2484 207,212 true
2485 208,212 true
2486 208,212 true
2487 208,212 true
2488 208,212 true
2489 208,212 true
2490 208,212 true
2491 208,212 true
2492 208,212 true
2493 208,212 true
2494 208,212 true
2495 208,212 true
2496 208,212 true
2497 209,212 true
2498 209,212 true
2499 209,212 true
2500 209,212 true
2501 209,212 true
2502 209,212 true
2503 209,212 true
2504 209,212 true
2505 209,212 true
2506 209,212 true
2507 209,212 true
2508 209,212 true
2509 210,212 true
2510 210,212 true
2511 210,212 true
2512 210,212 true
2513 210,212 true
2514 210,212 true
2515 210,212 true
2516 210,212 true
2517 210,212 true
2518 210,212 true
2519 210,212 true
2520 210,212 true
2521 211,212 true
2522 211,212 true
2523 211,212 true
2524 211,212 true
2525 211,212 true
2526 211,212 true
2527 211,212 true
2528 211,212 true
2529 211,212 true
2530 211,212 true
2531 211,212 true
2532 211,212 true
2533 212,212 true
2534 212,212 true
2535 212,212 true
2536 212,212 true
2537 212,212 true
2538 212,212 true
2539 212,212 true
2540 212,212 true
2541 212,212 true
2542 212,212 true
2543 212,212 true
2544 212,212 true
2545 213,212 true
2546 213,212 true
2547 213,212 true
2548 213,212 true
2549 213,212 true
2550 213,212 true
2551 213,212 true
2552 213,212 true
2553 213,212 true
2554 213,212 true
2555 213,212 true
2556 213,212 true
2557 214,212 true
2558 214,212 true
2559 214,212 true
2560 214,212 true
2561 214,212 true
2562 214,212 true
2563 214,212 true
2564 214,212 true
2565 214,212 true
2566 214,212 true
2567 214,212 true
2568 214,212 true
2569 215,212 true
2570 215,212 true
2571 215,212 true
2572 215,212 true
2573 215,212 true
2574 215,212 true
2575 215,212 true
2576 215,212 true
2577 215,212 true
2578 215,212 true
2579 215,212 true
2580 215,212 true
2581 216,212 true
2582 216,212 true
2583 216,212 true
2584 216,212 true
2585 216,212 true
2586 216,212 true
2587 216,212 true
2588 216,212 true
2589 216,212 true
2590 216,212 true
2591 216,212 true
2592 216,212 true
2593 217,212 true
2594 217,212 true
2595 217,212 true
2596 217,212 false
2597 217,212 false
2598 217,212 false
2599 217,212 false
2600 217,212 false
2601 217,212 false
2602 217,212 false
2603 217,212 false
2604 217,212 false
2605 218,212 false
2606 218,212 false
2607 218,212 false
2608 218,212 false
2609 218,212 false
2610 218,212 false
2611 218,212 false
2612 218,212 false
2613 218,212 false
2614 218,212 false
2615 218,212 false
2616 218,212 false
2617 219,212 false
2618 219,212 false
2619 219,212 false
2620 219,212 false
2621 219,212 false
2622 219,212 false
2623 219,212 false
2624 219,212 false
2625 219,212 false
2626 219,212 false
2627 219,212 false
2628 219,212 false
2629 220,212 false
2630 220,212 false
2631 220,212 false
2632 220,212 false
2633 220,212 false
2634 220,212 false
2635 220,212 false
2636 220,212 false
2637 220,212 false
2638 220,212 false
2639 220,212 false
2640 220,212 false
2641 221,212 false
2642 221,212 false
2643 221,212 false
2644 221,212 false
2645 221,212 false
2646 221,212 false
2647 221,212 false
2648 221,212 false
2649 221,212 false
2650 221,212 false
2651 221,212 false
2652 221,212 false
2653 222,212 false
2654 222,212 false
2655 222,212 false
2656 222,212 false
2657 222,212 false
2658 222,212 false
2659 222,212 false
2660 222,212 false
2661 222,212 false
2662 222,212 false
2663 222,212 false
2664 222,212 false
2665 223,212 false
2666 223,212 false
2667 223,212 false
2668 223,212 false
2669 223,212 false
2670 223,212 false
2671 223,212 false
2672 223,212 false
2673 223,212 false
2674 223,212 false
2675 223,212 false
2676 223,212 false
2677 224,212 false
2678 224,212 false
2679 224,212 false
2680 224,212 false
2681 224,212 false
2682 224,212 false
2683 224,212 false
2684 224,212 false
2685 224,212 false
2686 224,212 false
2687 224,212 false
2688 224,212 false
2689 225,212 false
2690 225,212 false
2691 225,212 false
2692 225,212 false
2693 225,212 false
2694 225,212 false
2695 225,212 false
2696 225,212 false
2697 225,212 false
2698 225,212 false
2699 225,212 false
2700 225,212 false
2701 226,212 false
2702 226,212 false
2703 226,212 false
2704 226,212 false
2705 226,212 false
2706 226,212 false
2707 226,212 false
2708 226,212 false
2709 226,212 false
2710 226,212 false
2711 226,212 false
2712 226,212 false
2713 227,212 false
2714 227,212 false
2715 227,212 false
2716 227,212 false
2717 227,212 false
2718 227,212 false
2719 227,212 false
2720 227,212 false
2721 227,212 false
2722 227,212 false
2723 227,212 false
2724 227,212 false
2725 228,212 false
2726 228,212 false
2727 228,212 false
2728 228,212 false
2729 228,212 false
2730 228,212 false
2731 228,212 false
2732 228,212 false
2733 228,212 false
2734 228,212 false
2735 228,212 false
2736 228,212 false
2737 229,212 false
2738 229,212 false
2739 229,212 false
2740 229,212 false
2741 229,212 false
2742 229,212 false
2743 229,212 false
2744 229,212 false
2745 229,212 false
2746 229,212 false
2747 229,212 false
2748 229,212 false
2749 230,212 false
2750 230,212 false
2751 230,212 false
2752 230,212 false
2753 230,212 false
2754 230,212 false
2755 230,212 false
2756 230,212 false
2757 230,212 false
2758 230,212 false
2759 230,212 false
2760 230,212 false
2761 231,212 false
2762 231,212 false
2763 231,212 false
2764 231,212 false
2765 231,212 false
2766 231,212 false
2767 231,212 false
2768 231,212 false
2769 231,212 false
2770 231,212 false
2771 231,212 false
2772 231,212 false
2773 232,212 false
2774 232,212 false
2775 232,212 false
2776 232,212 false
2777 232,212 false
2778 232,212 false
2779 232,212 false
2780 232,212 false
2781 232,212 false
2782 232,212 false
2783 232,212 false
2784 232,212 false
2785 233,212 false
2786 233,212 false
2787 233,212 false
2788 233,212 false
2789 233,212 false
2790 233,212 false
2791 233,212 false
2792 233,212 false
2793 233,212 false
2794 233,212 false
2795 233,212 false
2796 233,212 false
2797 234,212 false
2798 234,212 false
2799 234,212 false
2800 234,212 false
2801 234,212 false
2802 234,212 false
2803 234,212 false
2804 234,212 false
2805 234,212 false
2806 234,212 false
2807 234,212 false
2808 234,212 false
2809 235,212 false
2810 235,212 false
2811 235,212 false
2812 235,212 false
2813 235,212 false
2814 235,212 false
2815 235,212 false
2816 235,212 false
2817 235,212 false
2818 235,212 false
2819 235,212 false
2820 235,212 false
2821 236,212 false
2822 236,212 false
2823 236,212 false
2824 236,212 false
2825 236,212 false
2826 236,212 false
2827 236,212 false
2828 236,212 false
2829 236,212 false
2830 236,212 false
2831 236,212 false
2832 236,212 false
2833 237,212 false
2834 237,212 false
2835 237,212 false
2836 237,212 false
2837 237,212 false
2838 237,212 false
2839 237,212 false
2840 237,212 false
2841 237,212 false
2842 237,212 false
2843 237,212 false
2844 237,212 false
2845 238,212 false
2846 238,212 false
2847 238,212 false
2848 238,212 false
2849 238,212 false
2850 238,212 false
2851 238,212 false
2852 238,212 false
2853 238,212 false
2854 238,212 false
2855 238,212 false
2856 238,212 false
2857 239,212 false
2858 239,212 false
2859 239,212 false
2860 239,212 false
2861 239,212 false
2862 239,212 false
2863 239,212 false
2864 239,212 false
2865 239,212 false
2866 239,212 false
2867 239,212 false
2868 239,212 false
2869 240,212 false
2870 240,212 false
2871 240,212 false
2872 240,212 false
2873 240,212 false
2874 240,212 false
2875 240,212 false
2876 240,212 false
2877 240,212 false
2878 240,212 false
2879 240,212 false
2880 240,212 false
2881 241,212 false
2882 241,212 false
2883 241,212 false
2884 241,212 false
2885 241,212 false
2886 241,212 false
2887 241,212 false
2888 241,212 false
2889 241,212 false
2890 241,212 false
2891 241,212 false
2892 241,212 false
2893 242,212 false
2894 242,212 false
2895 242,212 false
2896 242,212 false
2897 242,212 false
2898 242,212 false
2899 242,212 false
2900 242,212 false
2901 242,212 false
2902 242,212 false
2903 242,212 false
2904 242,212 false
2905 243,212 false
2906 243,212 false
2907 243,212 false
2908 243,212 false
2909 243,212 false
2910 243,212 false
2911 243,212 false
2912 243,212 false
2913 243,212 false
2914 243,212 false
2915 243,212 false
2916 243,212 false
2917 244,212 false
2918 244,212 false
2919 244,212 false
2920 244,212 false
2921 244,212 false
2922 244,212 false
2923 244,212 false
2924 244,212 false
2925 244,212 false
2926 244,212 false
2927 244,212 false
2928 244,212 false
2929 245,212 false
2930 245,212 false
2931 245,212 false
2932 245,212 false
2933 245,212 false
2934 245,212 false
2935 245,212 false
2936 245,212 false
2937 245,212 false
2938 245,212 false
2939 245,212 false
2940 245,212 false
2941 246,212 false
2942 246,212 false
2943 246,212 false
2944 246,212 false
2945 246,212 false
2946 246,212 false
2947 246,212 false
2948 246,212 false
2949 246,212 false
2950 246,212 false
2951 246,212 false
2952 246,212 false
2953 247,212 false
2954 247,212 false
2955 247,212 false
2956 247,212 false
2957 247,212 false
2958 247,212 false
2959 247,212 false
2960 247,212 false
2961 247,212 false
2962 247,212 false
2963 247,212 false
2964 247,212 false
2965 248,212 false
2966 248,212 false
2967 248,212 false
2968 248,212 false
2969 248,212 false
2970 248,212 false
2971 248,212 false
2972 248,212 false
2973 248,212 false
2974 248,212 false
2975 248,212 false
2976 248,212 false
2977 249,212 false
2978 249,212 false
2979 249,212 false
2980 249,212 false
2981 249,212 false
2982 249,212 false
2983 249,212 false
2984 249,212 false
2985 249,212 false
2986 249,212 false
2987 249,212 false
2988 249,212 false
2989 250,212 false
2990 250,212 false
2991 250,212 false
2992 250,212 false
2993 250,212 false
2994 250,212 false
2995 250,212 false
2996 250,212 false
2997 250,212 false
2998 250,212 false
2999 250,212 false
3000 250,212 false
3001 251,212 false
3002 251,212 false
3003 251,212 false
3004 251,212 false
3005 251,212 false
3006 251,212 false
3007 251,212 false
3008 251,212 false
3009 251,212 false
3010 251,212 false
3011 251,212 false
3012 251,212 false
3013 252,212 false
3014 252,212 false
3015 252,212 false
3016 252,212 false
3017 252,212 false
3018 252,212 false
3019 252,212 false
3020 252,212 false
3021 252,212 false
3022 252,212 false
3023 252,212 false
3024 252,212 false
3025 253,212 false
3026 253,212 false
3027 253,212 false
3028 253,212 false
3029 253,212 false
3030 253,212 false
3031 253,212 false
3032 253,212 false
3033 253,212 false
3034 253,212 false
3035 253,212 false
3036 253,212 false
3037 254,212 false
3038 254,212 false
3039 254,212 false
3040 254,212 false
3041 254,212 false
3042 254,212 false
3043 254,212 false
3044 254,212 false
3045 254,212 false
3046 254,212 false
3047 254,212 false
3048 254,212 false
3049 255,212 false
3050 255,212 false
3051 255,212 false
3052 255,212 false
3053 255,212 false
3054 255,212 false
3055 255,212 false
3056 255,212 false
3057 255,212 false
3058 255,212 false
3059 255,212 false
3060 255,212 false
3061 256,212 false
3062 256,212 false
3063 256,212 false
3064 256,212 false
3065 256,212 false
3066 256,212 false
3067 256,212 false
3068 256,212 false
3069 256,212 false
3070 256,212 false
3071 256,212 false
3072 256,212 false
3073 257,212 false
3074 257,212 false
3075 257,212 false
3076 257,212 false
3077 257,212 false
3078 257,212 false
3079 257,212 false
3080 257,212 false
3081 257,212 false
3082 257,212 false
3083 257,212 false
3084 257,212 false
3085 258,212 false
3086 258,212 false
3087 258,212 false
3088 258,212 false
3089 258,212 false
3090 258,212 false
3091 258,212 false
3092 258,212 false
3093 258,212 false
3094 258,212 false
3095 258,212 false
3096 258,212 false
3097 259,212 false
3098 259,212 false
3099 259,212 false
3100 259,212 false
3101 259,212 false
3102 259,212 false
3103 259,212 false
3104 259,212 false
3105 259,212 false
3106 259,212 false
3107 259,212 false
3108 259,212 false
3109 260,212 false
3110 260,212 false
3111 260,212 false
3112 260,212 false
3113 260,212 false
3114 260,212 false
3115 260,212 false
3116 260,212 false
3117 260,212 false
3118 260,212 false
3119 260,212 false
3120 260,212 false
3121 261,212 false
3122 261,212 false
3123 261,212 false
3124 261,212 false
3125 261,212 false
3126 261,212 false
3127 261,212 false
3128 261,212 false
3129 261,212 false
3130 261,212 false
3131 261,212 false
3132 261,212 false
3133 262,212 false
3134 262,212 false
3135 262,212 false
3136 262,212 false
3137 262,212 false
3138 262,212 false
3139 262,212 false
3140 262,212 false
3141 262,212 false
3142 262,212 false
3143 262,212 false
3144 262,212 false
3145 263,212 false
3146 263,212 false
3147 263,212 false
3148 263,212 false
3149 263,212 false
3150 263,212 false
3151 263,212 false
3152 263,212 false
3153 263,212 false
3154 263,212 false
3155 263,212 false
3156 263,212 false
3157 264,212 false
3158 264,212 false
3159 264,212 false
3160 264,212 false
3161 264,212 false
3162 264,212 false
3163 264,212 false
3164 264,212 false
3165 264,212 false
3166 264,212 false
3167 264,212 false
3168 264,212 false
3169 265,212 false
3170 265,212 false
3171 265,212 false
3172 265,212 false
3173 265,212 false
3174 265,212 false
3175 265,212 false
3176 265,212 false
3177 265,212 false
3178 265,212 false
3179 265,212 false
3180 265,212 false
3181 266,212 false
3182 266,212 false
3183 266,212 false
3184 266,212 false
3185 266,212 false
3186 266,212 false
3187 266,212 false
3188 266,212 false
3189 266,212 false
3190 266,212 false
3191 266,212 false
3192 266,212 false
3193 267,212 false
3194 267,212 false
3195 267,212 false
3196 267,212 false
3197 267,212 false
3198 267,212 false
3199 267,212 false
3200 267,212 false
3201 267,212 false
3202 267,212 false
3203 267,212 false
3204 267,212 false
3205 268,212 false
3206 268,212 false
3207 268,212 false
3208 268,212 false
3209 268,212 false
3210 268,212 false
3211 268,212 false
3212 268,212 false
3213 268,212 false
3214 268,212 false
3215 268,212 false
3216 268,212 false
3217 269,212 false
3218 269,212 false
3219 269,212 false
3220 269,212 false
3221 269,212 false
3222 269,212 false
3223 269,212 false
3224 269,212 false
3225 269,212 false
3226 269,212 false
3227 269,212 false
3228 269,212 false
3229 270,212 false
3230 270,212 false
3231 270,212 false
3232 270,212 false
3233 270,212 false
3234 270,212 false
3235 270,212 false
3236 270,212 false
3237 270,212 false
3238 270,212 false
3239 270,212 false
3240 270,212 false
3241 271,212 false
3242 271,212 false
3243 271,212 false
3244 271,212 false
3245 271,212 false
3246 271,212 false
3247 271,212 false
3248 271,212 false
3249 271,212 false
3250 271,212 false
3251 271,212 false
3252 271,212 false
3253 272,212 false
3254 272,212 false
3255 272,212 false
3256 272,212 false
3257 272,212 false
3258 272,212 false
3259 272,212 false
3260 272,212 false
3261 272,212 false
3262 272,212 false
3263 272,212 false
3264 272,212 false
3265 273,212 false
3266 273,212 false
3267 273,212 false
3268 273,212 false
3269 273,212 false
3270 273,212 false
3271 273,212 false
3272 273,212 false
3273 273,212 false
3274 273,212 false
3275 273,212 false
3276 273,212 false
3277 274,212 false
3278 274,212 false
3279 274,212 false
3280 274,212 false
3281 274,212 false
3282 274,212 false
3283 274,212 false
3284 274,212 false
3285 274,212 false
3286 274,212 false
3287 274,212 false
3288 274,212 false
3289 275,212 false
3290 275,212 false
3291 275,212 false
3292 275,212 false
3293 275,212 false
3294 275,212 false
3295 275,212 false
3296 275,212 false
3297 275,212 false
3298 275,212 false
3299 275,212 false
3300 275,212 false
3301 276,212 false
3302 276,212 false
3303 276,212 false
3304 276,212 false
3305 276,212 false
3306 276,212 false
3307 276,212 false
3308 276,212 false
3309 276,212 false
3310 276,212 false
3311 276,212 false
3312 276,212 false
3313 277,212 false
3314 277,212 false
3315 277,212 false
3316 277,212 false
3317 277,212 false
3318 277,212 false
3319 277,212 false
3320 277,212 false
3321 277,212 false
3322 277,212 false
3323 277,212 false
3324 277,212 false
3325 278,212 false
3326 278,212 false
3327 278,212 false
3328 278,212 false
3329 278,212 false
3330 278,212 false
3331 278,212 false
3332 278,212 false
3333 278,212 false
3334 278,212 false
3335 278,212 false
3336 278,212 false
3337 279,212 false
3338 279,212 false
3339 279,212 false
3340 279,212 false
3341 279,212 false
3342 279,212 false
3343 279,212 false
3344 279,212 false
3345 279,212 false
3346 279,212 false
3347 279,212 false
3348 279,212 false
3349 280,212 false
3350 280,212 false
3351 280,212 false
3352 280,212 false
3353 280,212 false
3354 280,212 false
3355 280,212 false
3356 280,212 false
3357 280,212 false
3358 280,212 false
3359 280,212 false
3360 280,212 false
3361 281,212 false
3362 281,212 false
3363 281,212 false
3364 281,212 false
3365 281,212 false
3366 281,212 false
3367 281,212 false
3368 281,212 false
3369 281,212 false
3370 281,212 false
3371 281,212 false
3372 281,212 false
3373 282,212 false
3374 282,212 false
3375 282,212 false
3376 282,212 false
3377 282,212 false
3378 282,212 false
3379 282,212 false
3380 282,212 false
3381 282,212 false
3382 282,212 false
3383 282,212 false
3384 282,212 false
3385 283,212 false
3386 283,212 false
3387 283,212 false
3388 283,212 false
3389 283,212 false
3390 283,212 false
3391 283,212 false
3392 283,212 false
3393 283,212 false
3394 283,212 false
3395 283,212 false
3396 283,212 false
3397 284,212 false
3398 284,212 false
3399 284,212 false
3400 284,212 false
3401 284,212 false
3402 284,212 false
3403 284,212 false
3404 284,212 false
3405 284,212 false
3406 284,212 false
3407 284,212 false
3408 284,212 false
3409 285,212 false
3410 285,212 false
3411 285,212 false
3412 285,212 false
3413 285,212 false
3414 285,212 false
3415 285,212 false
3416 285,212 false
3417 285,212 false
3418 285,212 false
3419 285,212 false
3420 285,212 false
3421 286,212 false
3422 286,212 false
3423 286,212 false
3424 286,212 false
3425 286,212 false
3426 286,212 false
3427 286,212 false
3428 286,212 false
3429 286,212 false
3430 286,212 false
3431 286,212 false
3432 286,212 false
3433 287,212 false
3434 287,212 false
3435 287,212 false
3436 287,212 false
3437 287,212 false
3438 287,212 false
3439 287,212 false
3440 287,212 false
3441 287,212 false
3442 287,212 false
3443 287,212 false
3444 287,212 false
3445 288,212 false
3446 288,212 false
3447 288,212 false
3448 288,212 false
3449 288,212 false
3450 288,212 false
3451 288,212 false
3452 288,212 false
3453 288,212 false
3454 288,212 false
3455 288,212 false
3456 288,212 false
3457 289,212 false
3458 289,212 false
3459 289,212 false
3460 289,212 false
3461 289,212 false
3462 289,212 false
3463 289,212 false
3464 289,212 false
3465 289,212 false
3466 289,212 false
3467 289,212 false
3468 289,212 false
3469 290,212 false
3470 290,212 false
3471 290,212 false
3472 290,212 false
3473 290,212 false
3474 290,212 false
3475 290,212 false
3476 290,212 false
3477 290,212 false
3478 290,212 false
3479 290,212 false
3480 290,212 false
3481 291,212 false
3482 291,212 false
3483 291,212 false
3484 291,212 false
3485 291,212 false
3486 291,212 false
3487 291,212 false
3488 291,212 false
3489 291,212 false
3490 291,212 false
3491 291,212 false
3492 291,212 false
3493 292,212 false
3494 292,212 false
3495 292,212 false
3496 292,212 false
3497 292,212 false
3498 292,212 false
3499 292,212 false
3500 292,212 false
3501 292,212 false
3502 292,212 false
3503 292,212 false
3504 292,212 false
3505 293,212 false
3506 293,212 false
3507 293,212 false
3508 293,212 false
3509 293,212 false
3510 293,212 false
3511 293,212 false
3512 293,212 false
3513 293,212 false
3514 293,212 false
3515 293,212 false
3516 293,212 false
3517 294,212 false
3518 294,212 false
3519 294,212 false
3520 294,212 false
3521 294,212 false
3522 294,212 false
3523 294,212 false
3524 294,212 false
3525 294,212 false
3526 294,212 false
3527 294,212 false
3528 294,212 false
3529 295,212 false
3530 295,212 false
3531 295,212 false
3532 295,212 false
3533 295,212 false
3534 295,212 false
3535 295,212 false
3536 295,212 false
3537 295,212 false
3538 295,212 false
3539 295,212 false
3540 295,212 false
3541 296,212 false
3542 296,212 false
3543 296,212 false
3544 296,212 false
3545 296,212 false
3546 296,212 false
3547 296,212 false
3548 296,212 false
3549 296,212 false
3550 296,212 false
3551 296,212 false
3552 296,212 false
3553 297,212 false
3554 297,212 false
3555 297,212 false
3556 297,212 false
3557 297,212 false
3558 297,212 false
3559 297,212 false
3560 297,212 false
3561 297,212 false
3562 297,212 false
3563 297,212 false
3564 297,212 false
3565 298,212 false
3566 298,212 false
3567 298,212 false
3568 298,212 false
3569 298,212 false
3570 298,212 false
3571 298,212 false
3572 298,212 false
3573 298,212 false
3574 298,212 false
3575 298,212 false
3576 298,212 false
3577 299,212 false
3578 299,212 false
3579 299,212 false
3580 299,212 false
3581 299,212 false
3582 299,212 false
3583 299,212 false
3584 299,212 false
3585 299,212 false
3586 299,212 false
3587 299,212 false
3588 299,212 false
3589 300,212 false
3590 300,212 false
3591 300,212 false
3592 300,212 false
3593 300,212 false
3594 300,212 false
3595 300,212 false
3596 300,212 false
3597 300,212 false
3598 300,212 false
3599 300,212 false
3600 300,212 false
3601 301,212 false
3602 301,212 false
3603 301,212 false
3604 301,212 false
3605 301,212 false
3606 301,212 false
3607 301,212 false
3608 301,212 false
3609 301,212 false
3610 301,212 false
3611 301,212 false
3612 301,212 false
3613 302,212 false
3614 302,212 false
3615 302,212 false
3616 302,212 false
3617 302,212 false
3618 302,212 false
3619 302,212 false
3620 302,212 false
3621 302,212 false
3622 302,212 false
3623 302,212 false
3624 302,212 false
3625 303,212 false
3626 303,212 false
3627 303,212 false
3628 303,212 false
3629 303,212 false
3630 303,212 false
3631 303,212 false
3632 303,212 false
3633 303,212 false
3634 303,212 false
3635 303,212 false
3636 303,212 false
3637 304,212 false
3638 304,212 false
3639 304,212 false
3640 304,212 false
3641 304,212 false
3642 304,212 false
3643 304,212 false
3644 304,212 false
3645 304,212 false
3646 304,212 false
3647 304,212 false
3648 304,212 false
3649 305,212 false
3650 305,212 false
3651 305,212 false
3652 305,212 false
3653 305,212 false
3654 305,212 false
3655 305,212 false
3656 305,212 false
3657 305,212 false
3658 305,212 false
3659 305,212 false
3660 305,212 false
3661 306,212 false
3662 306,212 false
3663 306,212 false
3664 306,212 false
3665 306,212 false
3666 306,212 false
3667 306,212 false
3668 306,212 false
3669 306,212 false
3670 306,212 false
3671 306,212 false
3672 306,212 false
3673 307,212 false
3674 307,212 false
3675 307,212 false
3676 307,212 false
3677 307,212 false
3678 307,212 false
3679 307,212 false
3680 307,212 false
3681 307,212 false
3682 307,212 false
3683 307,212 false
3684 307,212 false
3685 308,212 false
3686 308,212 false
3687 308,212 false
3688 308,212 false
3689 308,212 false
3690 308,212 false
3691 308,212 false
3692 308,212 false
3693 308,212 false
3694 308,212 false
3695 308,212 false
3696 308,212 false
3697 309,212 false
3698 309,212 false
3699 309,212 false
3700 309,212 false
3701 309,212 false
3702 309,212 false
3703 309,212 false
3704 309,212 false
3705 309,212 false
3706 309,212 false
3707 309,212 false
3708 309,212 false
3709 310,212 false
3710 310,212 false
3711 310,212 false
3712 310,212 false
3713 310,212 false
3714 310,212 false
3715 310,212 false
3716 310,212 false
3717 310,212 false
3718 310,212 false
3719 310,212 false
3720 310,212 false
3721 311,212 false
3722 311,212 false
3723 311,212 false
3724 311,212 false
3725 311,212 false
3726 311,212 false
3727 311,212 false
3728 311,212 false
3729 311,212 false
3730 311,212 false
3731 311,212 false
3732 311,212 false
3733 312,212 false
3734 312,212 false
3735 312,212 false
3736 312,212 false
3737 312,212 false
3738 312,212 false
3739 312,212 false
3740 312,212 false
3741 312,212 false
3742 312,212 false
3743 312,212 false
3744 312,212 false
3745 313,212 false
3746 313,212 false
3747 313,212 false
3748 313,212 false
3749 313,212 false
3750 313,212 false
3751 313,212 false
3752 313,212 false
3753 313,212 false
3754 313,212 false
3755 313,212 false
3756 313,212 false
3757 314,212 false
3758 314,212 false
3759 314,212 false
3760 314,212 false
3761 314,212 false
3762 314,212 false
3763 314,212 false
3764 314,212 false
3765 314,212 false
3766 314,212 false
3767 314,212 false
3768 314,212 false
3769 315,212 false
3770 315,212 false
3771 315,212 false
3772 315,212 false
3773 315,212 false
3774 315,212 false
3775 315,212 false
3776 315,212 false
3777 315,212 false
3778 315,212 false
3779 315,212 false
3780 315,212 false
3781 316,212 false
3782 316,212 false
3783 316,212 false
3784 316,212 false
3785 316,212 false
3786 316,212 false
3787 316,212 false
3788 316,212 false
3789 316,212 false
3790 316,212 false
3791 316,212 false
3792 316,212 false
3793 317,212 false
3794 317,212 false
3795 317,212 false
3796 317,212 false
3797 317,212 false
3798 317,212 false
3799 317,212 false
3800 317,212 false
3801 317,212 false
3802 317,212 false
3803 317,212 false
3804 317,212 false
3805 318,212 false
3806 318,212 false
3807 318,212 false
3808 318,212 false
3809 318,212 false
3810 318,212 false
3811 318,212 false
3812 318,212 false
3813 318,212 false
3814 318,212 false
3815 318,212 false
3816 318,212 false
3817 319,212 false
3818 319,212 false
3819 319,212 false
3820 319,212 false
3821 319,212 false
3822 319,212 false
3823 319,212 false
3824 319,212 false
3825 319,212 false
3826 319,212 false
3827 319,212 false
3828 319,212 false
3829 320,212 false
3830 320,212 false
3831 320,212 false
3832 320,212 false
3833 320,212 false
3834 320,212 false
3835 320,212 false
3836 320,212 false
3837 320,212 false
3838 320,212 false
3839 320,212 false
3840 320,212 false
3841 321,212 false
3842 321,212 false
3843 321,212 false
3844 321,212 false
3845 321,212 false
3846 321,212 false
3847 321,212 false
3848 321,212 false
3849 321,212 false
3850 321,212 false
3851 321,212 false
3852 321,212 false
3853 322,212 false
3854 322,212 false
3855 322,212 false
3856 322,212 false
3857 322,212 false
3858 322,212 false
3859 322,212 false
3860 322,212 false
3861 322,212 false
3862 322,212 false
3863 322,212 false
3864 322,212 false
3865 323,212 false
3866 323,212 false
3867 323,212 false
3868 323,212 false
3869 323,212 false
3870 323,212 false
3871 323,212 false
3872 323,212 false
3873 323,212 false
3874 323,212 false
3875 323,212 false
3876 323,212 false
3877 324,212 false
3878 324,212 false
3879 324,212 false
3880 324,212 false
3881 324,212 false
3882 324,212 false
3883 324,212 false
3884 324,212 false
3885 324,212 false
3886 324,212 false
3887 324,212 false
3888 324,212 false
3889 325,212 false
3890 325,212 false
3891 325,212 false
3892 325,212 false
3893 325,212 false
3894 325,212 false
3895 325,212 false
3896 325,212 false
3897 325,212 false
3898 325,212 false
3899 325,212 false
3900 325,212 false
3901 326,212 false
3902 326,212 false
3903 326,212 false
3904 326,212 false
3905 326,212 false
3906 326,212 false
3907 326,212 false
3908 326,212 false
3909 326,212 false
3910 326,212 false
3911 326,212 false
3912 326,212 false
3913 327,212 false
3914 327,212 false
3915 327,212 false
3916 327,212 false
3917 327,212 false
3918 327,212 false
3919 327,212 false
3920 327,212 false
3921 327,212 false
3922 327,212 false
3923 327,212 false
3924 327,212 false
3925 328,212 false
3926 328,212 false
3927 328,212 false
3928 328,212 false
3929 328,212 false
3930 328,212 false
3931 328,212 false
3932 328,212 false
3933 328,212 false
3934 328,212 false
3935 328,212 false
3936 328,212 false
3937 329,212 false
3938 329,212 false
3939 329,212 false
3940 329,212 false
3941 329,212 false
3942 329,212 false
3943 329,212 false
3944 329,212 false
3945 329,212 false
3946 329,212 false
3947 329,212 false
3948 329,212 false
3949 330,212 false
3950 330,212 false
3951 330,212 false
3952 330,212 false
3953 330,212 false
3954 330,212 false
3955 330,212 false
3956 330,212 false
3957 330,212 false
3958 330,212 false
3959 330,212 false
3960 330,212 false
3961 331,212 false
3962 331,212 false
3963 331,212 false
3964 331,212 false
3965 331,212 false
3966 331,212 false
3967 331,212 false
3968 331,212 false
3969 331,212 false
3970 331,212 false
3971 331,212 false
3972 331,212 false
3973 332,212 false
3974 332,212 false
3975 332,212 false
3976 332,212 false
3977 332,212 false
3978 332,212 false
3979 332,212 false
3980 332,212 false
3981 332,212 false
3982 332,212 false
3983 332,212 false
3984 332,212 false
3985 333,212 false
3986 333,212 false
3987 333,212 false
3988 333,212 false
3989 333,212 false
3990 333,212 false
3991 333,212 false
3992 333,212 false
3993 333,212 false
3994 333,212 false
3995 333,212 false
3996 333,212 false
3997 334,212 false
3998 334,212 false
3999 334,212 false
4000 334,212 false
4001 334,212 false
4002 334,212 false
4003 334,212 false
4004 334,212 false
4005 334,212 false
4006 334,212 false
4007 334,212 false
4008 334,212 false
4009 335,212 false
4010 335,212 false
4011 335,212 false
4012 335,212 false
4013 335,212 false
4014 335,212 false
4015 335,212 false
4016 335,212 false
4017 335,212 false
4018 335,212 false
4019 335,212 false
4020 335,212 false
4021 336,212 false
4022 336,212 false
4023 336,212 false
4024 336,212 false
4025 336,212 false
4026 336,212 false
4027 336,212 false
4028 336,212 false
4029 336,212 false
4030 336,212 false
4031 336,212 false
4032 336,212 false
4033 337,212 false
4034 337,212 false
4035 337,212 false
4036 337,212 false
4037 337,212 false
4038 337,212 false
4039 337,212 false
4040 337,212 false
4041 337,212 false
4042 337,212 false
4043 337,212 false
4044 337,212 false
4045 338,212 false
4046 338,212 false
4047 338,212 false
4048 338,212 false
4049 338,212 false
4050 338,212 false
4051 338,212 false
4052 338,212 false
4053 338,212 false
4054 338,212 false
4055 338,212 false
4056 338,212 false
4057 339,212 false
4058 339,212 false
4059 339,212 false
4060 339,212 false
4061 339,212 false
4062 339,212 false
4063 339,212 false
4064 339,212 false
4065 339,212 false
4066 339,212 false
4067 339,212 false
4068 339,212 false
4069 340,212 false
4070 340,212 false
4071 340,212 false
4072 340,212 false
4073 340,212 false
4074 340,212 false
4075 340,212 false
4076 340,212 false
4077 340,212 false
4078 340,212 false
4079 340,212 false
4080 340,212 false
4081 341,212 false
4082 341,212 false
4083 341,212 false
4084 341,212 false
4085 341,212 false
4086 341,212 false
4087 341,212 false
4088 341,212 false
4089 341,212 false
4090 341,212 false
4091 341,212 false
4092 341,212 false
4093 342,212 false
4094 342,212 false
4095 342,212 false
4096 342,212 false
4097 342,212 false
4098 342,212 false
4099 342,212 false
4100 342,212 false
4101 342,212 false
4102 342,212 false
4103 342,212 false
4104 342,212 false
4105 343,212 false
4106 343,212 false
4107 343,212 false
4108 343,212 false
4109 343,212 false
4110 343,212 false
4111 343,212 false
4112 343,212 false
4113 343,212 false
4114 343,212 false
4115 343,212 false
4116 343,212 false
4117 344,212 false
4118 344,212 false
4119 344,212 false
4120 344,212 false
4121 344,212 false
4122 344,212 false
4123 344,212 false
4124 344,212 false
4125 344,212 false
4126 344,212 false
4127 344,212 false
4128 344,212 false
4129 345,212 false
4130 345,212 false
4131 345,212 false
4132 345,212 false
4133 345,212 false
4134 345,212 false
4135 345,212 false
4136 345,212 false
4137 345,212 false
4138 345,212 false
4139 345,212 false
4140 345,212 false
4141 346,212 false
4142 346,212 false
4143 346,212 false
4144 346,212 false
4145 346,212 false
4146 346,212 false
4147 346,212 false
4148 346,212 false
4149 346,212 false
4150 346,212 false
4151 346,212 false
4152 346,212 false
4153 347,212 false
4154 347,212 false
4155 347,212 false
4156 347,212 false
4157 347,212 false
4158 347,212 false
4159 347,212 false
4160 347,212 false
4161 347,212 false
4162 347,212 false
4163 347,212 false
4164 347,212 false
4165 348,212 false
4166 348,212 false
4167 348,212 false
4168 348,212 false
4169 348,212 false
4170 348,212 false
4171 348,212 false
4172 348,212 false
4173 348,212 false
4174 348,212 false
4175 348,212 false
4176 348,212 false
4177 349,212 false
4178 349,212 false
4179 349,212 false
4180 349,212 false
4181 349,212 false
4182 349,212 false
4183 349,212 false
4184 349,212 false
4185 349,212 false
4186 349,212 false
4187 349,212 false
4188 349,212 false
4189 350,212 false
4190 350,212 false
4191 350,212 false
4192 350,212 false
4193 350,212 false
4194 350,212 false
4195 350,212 false
4196 350,212 false
4197 350,212 false
4198 350,212 false
4199 350,212 false
4200 350,212 false
4201 351,212 false
4202 351,212 false
4203 351,212 false
4204 351,212 false
4205 351,212 false
4206 351,212 false
4207 351,212 false
4208 351,212 false
4209 351,212 false
4210 351,212 false
4211 351,212 false
4212 351,212 false
4213 352,212 false
4214 352,212 false
4215 352,212 false
4216 352,212 false
4217 352,212 false
4218 352,212 false
4219 352,212 false
4220 352,212 false
4221 352,212 false
4222 352,212 false
4223 352,212 false
4224 352,212 false
4225 353,212 false
4226 353,212 false
4227 353,212 false
4228 353,212 false
4229 353,212 false
4230 353,212 false
4231 353,212 false
4232 353,212 false
4233 353,212 false
4234 353,212 false
4235 353,212 false
4236 353,212 false
4237 354,212 false
4238 354,212 false
4239 354,212 false
4240 354,212 false
4241 354,212 false
4242 354,212 false
4243 354,212 false
4244 354,212 false
4245 354,212 false
4246 354,212 false
4247 354,212 false
4248 354,212 false
4249 355,212 false
4250 355,212 false
4251 355,212 false
4252 355,212 false
4253 355,212 false
4254 355,212 false
4255 355,212 false
4256 355,212 false
4257 355,212 false
4258 355,212 false
4259 355,212 false
4260 355,212 false
4261 356,212 false
4262 356,212 false
4263 356,212 false
4264 356,212 false
4265 356,212 false
4266 356,212 false
4267 356,212 false
4268 356,212 false
4269 356,212 false
4270 356,212 false
4271 356,212 false
4272 356,212 false
4273 357,212 false
4274 357,212 false
4275 357,212 false
4276 357,212 false
4277 357,212 false
4278 357,212 false
4279 357,212 false
4280 357,212 false
4281 357,212 false
4282 357,212 false
4283 357,212 false
4284 357,212 false
4285 358,212 false
4286 358,212 false
4287 358,212 false
4288 358,212 false
4289 358,212 false
4290 358,212 false
4291 358,212 false
4292 358,212 false
4293 358,212 false
4294 358,212 false
4295 358,212 false
4296 358,212 false
4297 359,212 false
4298 359,212 false
4299 359,212 false
4300 359,212 false
4301 359,212 false
4302 359,212 false
4303 359,212 false
4304 359,212 false
4305 359,212 false
4306 359,212 false
4307 359,212 false
4308 359,212 false
4309 360,212 false
4310 360,212 false
4311 360,212 false
4312 360,212 false
4313 360,212 false
4314 360,212 false
4315 360,212 false
4316 360,212 false
4317 360,212 false
4318 360,212 false
4319 360,212 false
4320 360,212 false
4321 361,212 false
4322 361,212 false
4323 361,212 false
4324 361,212 false
4325 361,212 false
4326 361,212 false
4327 361,212 false
4328 361,212 false
4329 361,212 false
4330 361,212 false
4331 361,212 false
4332 361,212 false
4333 362,212 false
4334 362,212 false
4335 362,212 false
4336 362,212 false
4337 362,212 false
4338 362,212 false
4339 362,212 false
4340 362,212 false
4341 362,212 false
4342 362,212 false
4343 362,212 false
4344 362,212 false
4345 363,212 false
4346 363,212 false
4347 363,212 false
4348 363,212 false
4349 363,212 false
4350 363,212 false
4351 363,212 false
4352 363,212 false
4353 363,212 false
4354 363,212 false
4355 363,212 false
4356 363,212 false
4357 364,212 false
4358 364,212 false
4359 364,212 false
4360 364,212 false
4361 364,212 false
4362 364,212 false
4363 364,212 false
4364 364,212 false
4365 364,212 false
4366 364,212 false
4367 364,212 false
4368 364,212 false
4369 365,212 false
4370 365,212 false
4371 365,212 false
4372 365,212 false
4373 365,212 false
4374 365,212 false
4375 365,212 false
4376 365,212 false
4377 365,212 false
4378 365,212 false
4379 365,212 false
4380 365,212 false
4381 366,212 false
4382 366,212 false
4383 366,212 false
4384 366,212 false
4385 366,212 false
4386 366,212 false
4387 366,212 false
4388 366,212 false
4389 366,212 false
4390 366,212 false
4391 366,212 false
4392 366,212 false
4393 367,212 false
4394 367,212 false
4395 367,212 false
4396 367,212 false
4397 367,212 false
4398 367,212 false
4399 367,212 false
4400 367,212 false
4401 367,212 false
4402 367,212 false
4403 367,212 false
4404 367,212 false
4405 368,212 false
4406 368,212 false
4407 368,212 false
4408 368,212 false
4409 368,212 false
4410 368,212 false
4411 368,212 false
4412 368,212 false
4413 368,212 false
4414 368,212 false
4415 368,212 false
4416 368,212 false
4417 369,212 false
4418 369,212 false
4419 369,212 false
4420 369,212 false
4421 369,212 false
4422 369,212 false
4423 369,212 false
4424 369,212 false
4425 369,212 false
4426 369,212 false
4427 369,212 false
4428 369,212 false
4429 370,212 false
4430 370,212 false
4431 370,212 false
4432 370,212 false
4433 370,212 false
4434 370,212 false
4435 370,212 false
4436 370,212 false
4437 370,212 false
4438 370,212 false
4439 370,212 false
4440 370,212 false
4441 371,212 false
4442 371,212 false
4443 371,212 false
4444 371,212 false
4445 371,212 false
4446 371,212 false
4447 371,212 false
4448 371,212 false
4449 371,212 false
4450 371,212 false
4451 371,212 false
4452 371,212 false
4453 372,212 false
4454 372,212 false
4455 372,212 false
4456 372,212 false
4457 372,212 false
4458 372,212 false
4459 372,212 false
4460 372,212 false
4461 372,212 false
4462 372,212 false
4463 372,212 false
4464 372,212 false
4465 373,212 false
4466 373,212 false
4467 373,212 false
4468 373,212 false
4469 373,212 false
4470 373,212 false
4471 373,212 false
4472 373,212 false
4473 373,212 false
4474 373,212 false
4475 373,212 false
4476 373,212 false
4477 374,212 false
4478 374,212 false
4479 374,212 false
4480 374,212 false
4481 374,212 false
4482 374,212 false
4483 374,212 false
4484 374,212 false
4485 374,212 false
4486 374,212 false
4487 374,212 false
4488 374,212 false
4489 375,212 false
4490 375,212 false
4491 375,212 false
4492 375,212 false
4493 375,212 false
4494 375,212 false
4495 375,212 false
4496 375,212 false
4497 375,212 false
4498 375,212 false
4499 375,212 false
4500 375,212 false
4501 376,212 false
4502 376,212 false
4503 376,212 false
4504 376,212 false
4505 376,212 false
4506 376,212 false
4507 376,212 false
4508 376,212 false
4509 376,212 false
4510 376,212 false
4511 376,212 false
4512 376,212 false
4513 377,212 false
4514 377,212 false
4515 377,212 false
4516 377,212 false
4517 377,212 false
4518 377,212 false
4519 377,212 false
4520 377,212 false
4521 377,212 false
4522 377,212 false
4523 377,212 false
4524 377,212 false
4525 378,212 false
4526 378,212 false
4527 378,212 false
4528 378,212 false
4529 378,212 false
4530 378,212 false
4531 378,212 false
4532 378,212 false
4533 378,212 false
4534 378,212 false
4535 378,212 false
4536 378,212 false
4537 379,212 false
4538 379,212 false
4539 379,212 false
4540 379,212 false
4541 379,212 false
4542 379,212 false
4543 379,212 false
4544 379,212 false
4545 379,212 false
4546 379,212 false
4547 379,212 false
4548 379,212 false
4549 380,212 false
4550 380,212 false
4551 380,212 false
4552 380,212 false
4553 380,212 false
4554 380,212 false
4555 380,212 false
4556 380,212 false
4557 380,212 false
4558 380,212 false
4559 380,212 false
4560 380,212 false
4561 381,212 false
4562 381,212 false
4563 381,212 false
4564 381,212 false
4565 381,212 false
4566 381,212 false
4567 381,212 false
4568 381,212 false
4569 381,212 false
4570 381,212 false
4571 381,212 false
4572 381,212 false
4573 382,212 false
4574 382,212 false
4575 382,212 false
4576 382,212 false
4577 382,212 false
4578 382,212 false
4579 382,212 false
4580 382,212 false
4581 382,212 false
4582 382,212 false
4583 382,212 false
4584 382,212 false
4585 383,212 false
4586 383,212 false
4587 383,212 false
4588 383,212 false
4589 383,212 false
4590 383,212 false
4591 383,212 false
4592 383,212 false
4593 383,212 false
4594 383,212 false
4595 383,212 false
4596 383,212 false
4597 384,212 false
4598 384,212 false
4599 384,212 false
4600 384,212 false
4601 384,212 false
4602 384,212 false
4603 384,212 false
4604 384,212 false
4605 384,212 false
4606 384,212 false
4607 384,212 false
4608 384,212 false
4609 385,212 false
4610 385,212 false
4611 385,212 false
4612 385,212 false
4613 385,212 false
4614 385,212 false
4615 385,212 false
4616 385,212 false
4617 385,212 false
4618 385,212 false
4619 385,212 false
4620 385,212 false
4621 386,212 false
4622 386,212 false
4623 386,212 false
4624 386,212 false
4625 386,212 false
4626 386,212 false
4627 386,212 false
4628 386,212 false
4629 386,212 false
4630 386,212 false
4631 386,212 false
4632 386,212 false
4633 387,212 false
4634 387,212 false
4635 387,212 false
4636 387,212 false
4637 387,212 false
4638 387,212 false
4639 387,212 false
4640 387,212 false
4641 387,212 false
4642 387,212 false
4643 387,212 false
4644 387,212 false
4645 388,212 false
4646 388,212 false
4647 388,212 false
4648 388,212 false
4649 388,212 false
4650 388,212 false
4651 388,212 false
4652 388,212 false
4653 388,212 false
4654 388,212 false
4655 388,212 false
4656 388,212 false
4657 389,212 false
4658 389,212 false
4659 389,212 false
4660 389,212 false
4661 389,212 false
4662 389,212 false
4663 389,212 false
4664 389,212 false
4665 389,212 false
4666 389,212 false
4667 389,212 false
4668 389,212 false
4669 390,212 false
4670 390,212 false
4671 390,212 false
4672 390,212 false
4673 390,212 false
4674 390,212 false
4675 390,212 false
4676 390,212 false
4677 390,212 false
4678 390,212 false
4679 390,212 false
4680 390,212 false
4681 391,212 false
4682 391,212 false
4683 391,212 false
4684 391,212 false
4685 391,212 false
4686 391,212 false
4687 391,212 false
4688 391,212 false
4689 391,212 false
4690 391,212 false
4691 391,212 false
4692 391,212 false
4693 392,212 false
4694 392,212 false
4695 392,212 false
4696 392,212 false
4697 392,212 false
4698 392,212 false
4699 392,212 false
4700 392,212 false
4701 392,212 false
4702 392,212 false
4703 392,212 false
4704 392,212 false
4705 393,212 false
4706 393,212 false
4707 393,212 false
4708 393,212 false
4709 393,212 false
4710 393,212 false
4711 393,212 false
4712 393,212 false
4713 393,212 false
4714 393,212 false
4715 393,212 false
4716 393,212 false
4717 394,212 false
4718 394,212 false
4719 394,212 false
4720 394,212 false
4721 394,212 false
4722 394,212 false
4723 394,212 false
4724 394,212 false
4725 394,212 false
4726 394,212 false
4727 394,212 false
4728 394,212 false
4729 395,212 false
4730 395,212 false
4731 395,212 false
4732 395,212 false
4733 395,212 false
4734 395,212 false
4735 395,212 false
4736 395,212 false
4737 395,212 false
4738 395,212 false
4739 395,212 false
4740 395,212 false
4741 396,212 false
4742 396,212 false
4743 396,212 false
4744 396,212 false
4745 396,212 false
4746 396,212 false
4747 396,212 false
4748 396,212 false
4749 396,212 false
4750 396,212 false
4751 396,212 false
4752 396,212 false
4753 397,212 false
4754 397,212 false
4755 397,212 false
4756 397,212 false
4757 397,212 false
4758 397,212 false
4759 397,212 false
4760 397,212 false
4761 397,212 false
4762 397,212 false
4763 397,212 false
4764 397,212 false
4765 398,212 false
4766 398,212 false
4767 398,212 false
4768 398,212 false
4769 398,212 false
4770 398,212 false
4771 398,212 false
4772 398,212 false
4773 398,212 false
4774 398,212 false
4775 398,212 false
4776 398,212 false
4777 399,212 false
4778 399,212 false
4779 399,212 false
4780 399,212 false
4781 399,212 false
4782 399,212 false
4783 399,212 false
4784 399,212 false
4785 399,212 false
4786 399,212 false
4787 399,212 false
4788 399,212 false
4789 400,212 false
4790 400,212 false
4791 400,212 false
4792 400,212 false
4793 400,212 false
4794 400,212 false
4795 400,212 false
4796 400,212 false
4797 400,212 false
4798 400,212 false
4799 400,212 false
4800 400,212 false
4801 401,212 false
4802 401,212 false
4803 401,212 false
4804 401,212 false
4805 401,212 false
4806 401,212 false
4807 401,212 false
4808 401,212 false
4809 401,212 false
4810 401,212 false
4811 401,212 false
4812 401,212 false
4813 402,212 false
4814 402,212 false
4815 402,212 false
4816 402,212 false
4817 402,212 false
4818 402,212 false
4819 402,212 false
4820 402,212 false
4821 402,212 false
4822 402,212 false
4823 402,212 false
4824 402,212 false
4825 403,212 false
4826 403,212 false
4827 403,212 false
4828 403,212 false
4829 403,212 false
4830 403,212 false
4831 403,212 false
4832 403,212 false
4833 403,212 false
4834 403,212 false
4835 403,212 false
4836 403,212 false
4837 404,212 false
4838 404,212 false
4839 404,212 false
4840 404,212 false
4841 404,212 false
4842 404,212 false
4843 404,212 false
4844 404,212 false
4845 404,212 false
4846 404,212 false
4847 404,212 false
4848 404,212 false
4849 405,212 false
4850 405,212 false
4851 405,212 false
4852 405,212 false
4853 405,212 false
4854 405,212 false
4855 405,212 false
4856 405,212 false
4857 405,212 false
4858 405,212 false
4859 405,212 false
4860 405,212 false
4861 406,212 false
4862 406,212 false
4863 406,212 false
4864 406,212 false
4865 406,212 false
4866 406,212 false
4867 406,212 false
4868 406,212 false
4869 406,212 false
4870 406,212 false
4871 406,212 false
4872 406,212 false
4873 407,212 false
4874 407,212 false
4875 407,212 false
4876 407,212 false
4877 407,212 false
4878 407,212 false
4879 407,212 false
4880 407,212 false
4881 407,212 false
4882 407,212 false
4883 407,212 false
4884 407,212 false
4885 408,212 false
4886 408,212 false
4887 408,212 false
4888 408,212 false
4889 408,212 false
4890 408,212 false
4891 408,212 false
4892 408,212 false
4893 408,212 false
4894 408,212 false
4895 408,212 false
4896 408,212 false
4897 409,212 false
4898 409,212 false
4899 409,212 false
4900 409,212 false
4901 409,212 false
4902 409,212 false
4903 409,212 false
4904 409,212 false
4905 409,212 false
4906 409,212 false
4907 409,212 false
4908 409,212 false
4909 410,212 false
4910 410,212 false
4911 410,212 false
4912 410,212 false
4913 410,212 false
4914 410,212 false
4915 410,212 false
4916 410,212 false
4917 410,212 false
4918 410,212 false
4919 410,212 false
4920 410,212 false
4921 411,212 false
4922 411,212 false
4923 411,212 false
4924 411,212 false
4925 411,212 false
4926 411,212 false
4927 411,212 false
4928 411,212 false
4929 411,212 false
4930 411,212 false
4931 411,212 false
4932 411,212 false
