5004
1 1,212 true
2 1,212 true
3 1,212 true
4 1,212 true
5 1,212 true
6 1,212 true
7 1,212 true
8 1,212 true
9 1,212 true
10 1,212 true
11 1,212 true
12 1,212 true
13 2,212 true
14 2,212 true
15 2,212 true
16 2,212 true
17 2,212 true
18 2,212 true
19 2,212 true
20 2,212 true
21 2,212 true
22 2,212 true
23 2,212 true
24 2,212 true
25 3,212 true
26 3,212 true
27 3,212 true
28 3,212 true
29 3,212 true
30 3,212 true
31 3,212 true
32 3,212 true
33 3,212 true
34 3,212 true
35 3,212 true
36 3,212 true
37 4,212 true
38 4,212 true
39 4,212 true
40 4,212 true
41 4,212 true
42 4,212 true
43 4,212 true
44 4,212 true
45 4,212 true
46 4,212 true
47 4,212 true
48 4,212 true
49 5,212 true
50 5,212 true
51 5,212 true
52 5,212 true
53 5,212 true
54 5,212 true
55 5,212 true
56 5,212 true
57 5,212 true
58 5,212 true
59 5,212 true
60 5,212 true
61 6,212 true
62 6,212 true
63 6,212 true
64 6,212 true
65 6,212 true
66 6,212 true
67 6,212 true
68 6,212 true
69 6,212 true
70 6,212 true
71 6,212 true
72 6,212 true
73 7,212 true
74 7,212 true
75 7,212 true
76 7,212 true
77 7,212 true
78 7,212 true
79 7,212 true
80 7,212 true
81 7,212 true
82 7,212 true
83 7,212 true
84 7,212 true
85 8,212 true
86 8,212 true
87 8,212 true
88 8,212 true
89 8,212 true
90 8,212 true
91 8,212 true
92 8,212 true
93 8,212 true
94 8,212 true
95 8,212 true
96 8,212 true
97 9,212 true
98 9,212 true
99 9,212 true
100 9,212 true
101 9,212 true
102 9,212 true
103 9,212 true
104 9,212 true
105 9,212 true
106 9,212 true
107 9,212 true
108 9,212 true
109 10,212 true
110 10,212 true
111 10,212 true
112 10,212 true
113 10,212 true
114 10,212 true
115 10,212 true
116 10,212 true
117 10,212 true
118 10,212 true
119 10,212 true
120 10,212 true
121 11,212 true
122 11,212 true
123 11,212 true
124 11,212 true
125 11,212 true
126 11,212 true
127 11,212 true
128 11,212 true
129 11,212 true
130 11,212 true
131 11,212 true
132 11,212 true
133 12,212 true
134 12,212 true
135 12,212 true
136 12,212 true
137 12,212 true
138 12,212 true
139 12,212 true
140 12,212 true
141 12,212 true
142 12,212 true
143 12,212 true
144 12,212 true
145 13,212 true
146 13,212 true
147 13,212 true
148 13,212 true
149 13,212 true
150 13,212 true
151 13,212 true
152 13,212 true
153 13,212 true
154 13,212 true
155 13,212 true
156 13,212 true
157 14,212 true
158 14,212 true
159 14,212 true
160 14,212 true
161 14,212 true
162 14,212 true
163 14,212 true
164 14,212 true
165 14,212 true
166 14,212 true
167 14,212 true
168 14,212 true
169 15,212 true
170 15,212 true
171 15,212 true
172 15,212 true
173 15,212 true
174 15,212 true
175 15,212 true
176 15,212 true
177 15,212 true
178 15,212 true
179 15,212 true
180 15,212 true
181 16,212 true
182 16,212 true
183 16,212 true
184 16,212 true
185 16,212 true
186 16,212 true
187 16,212 true
188 16,212 true
189 16,212 true
190 16,212 true
191 16,212 true
192 16,212 true
193 17,212 true
194 17,212 true
195 17,212 true
196 17,212 true
197 17,212 true
198 17,212 true
199 17,212 true
200 17,212 true
201 17,212 true
202 17,212 true
203 17,212 true
204 17,212 true
205 18,212 true
206 18,212 true
207 18,212 true
208 18,212 true
209 18,212 true
210 18,212 true
211 18,212 true
212 18,212 true
213 18,212 true
214 18,212 true
215 18,212 true
216 18,212 true
217 19,212 true
218 19,212 true
219 19,212 true
220 19,212 true
221 19,212 true
222 19,212 true
223 19,212 true
224 19,212 true
225 19,212 true
226 19,212 true
227 19,212 true
228 19,212 true
229 20,212 true
230 20,212 true
231 20,212 true
232 20,212 true
233 20,212 true
234 20,212 true
235 20,212 true
236 20,212 true
237 20,212 true
238 20,212 true
239 20,212 true
240 20,212 true
241 21,212 true
242 21,212 true
243 21,212 true
244 21,212 true
245 21,212 true
246 21,212 true
247 21,212 true
248 21,212 true
249 21,212 true
250 21,212 true
251 21,212 true
252 21,212 true
253 22,212 true
254 22,212 true
255 22,212 true
256 22,212 true
257 22,212 true
258 22,212 true
259 22,212 true
260 22,212 true
261 22,212 true
262 22,212 true
263 22,212 true
264 22,212 true
265 23,212 true
266 23,212 true
267 23,212 true
268 23,212 true
269 23,212 true
270 23,212 true
271 23,212 true
272 23,212 true
273 23,212 true
274 23,212 true
275 23,212 true
276 23,212 true
277 24,212 true
278 24,212 true
279 24,212 true
280 24,212 true
281 24,212 true
282 24,212 true
283 24,212 true
284 24,212 true
285 24,212 true
286 24,212 true
287 24,212 true
288 24,212 true
289 25,212 true
290 25,212 true
291 25,212 true
292 25,212 true
293 25,212 true
294 25,212 true
295 25,212 true
296 25,212 true
297 25,212 true
298 25,212 true
299 25,212 true
300 25,212 true
301 26,212 true
302 26,212 true
303 26,212 true
304 26,212 true
305 26,212 true
306 26,212 true
307 26,212 true
308 26,212 true
309 26,212 true
310 26,212 true
311 26,212 true
312 26,212 true
313 27,212 true
314 27,212 true
315 27,212 true
316 27,212 true
317 27,212 true
318 27,212 true
319 27,212 true
320 27,212 true
321 27,212 true
322 27,212 true
323 27,212 true
324 27,212 true
325 28,212 true
326 28,212 true
327 28,212 true
328 28,212 true
329 28,212 true
330 28,212 true
331 28,212 true
332 28,212 true
333 28,212 true
334 28,212 true
335 28,212 true
336 28,212 true
337 29,212 true
338 29,212 true
339 29,212 true
340 29,212 true
341 29,212 true
342 29,212 true
343 29,212 true
344 29,212 true
345 29,212 true
346 29,212 true
347 29,212 true
348 29,212 true
349 30,212 true
350 30,212 true
351 30,212 true
352 30,212 true
353 30,212 true
354 30,212 true
355 30,212 true
356 30,212 true
357 30,212 true
358 30,212 true
359 30,212 true
360 30,212 true
361 31,212 true
362 31,212 true
363 31,212 true
364 31,212 true
365 31,212 true
366 31,212 true
367 31,212 true
368 31,212 true
369 31,212 true
370 31,212 true
371 31,212 true
372 31,212 true
373 32,212 true
374 32,212 true
375 32,212 true
376 32,212 true
377 32,212 true
378 32,212 true
379 32,212 true
380 32,212 true
381 32,212 true
382 32,212 true
383 32,212 true
384 32,212 true
385 33,212 true
386 33,212 true
387 33,212 true
388 33,212 true
389 33,212 true
390 33,212 true
391 33,212 true
392 33,212 true
393 33,212 true
394 33,212 true
395 33,212 true
396 33,212 true
397 34,212 true
398 34,212 true
399 34,212 true
400 34,212 true
401 34,212 true
402 34,212 true
403 34,212 true
404 34,212 true
405 34,212 true
406 34,212 true
407 34,212 true
408 34,212 true
409 35,212 true
410 35,212 true
411 35,212 true
412 35,212 true
413 35,212 true
414 35,212 true
415 35,212 true
416 35,212 true
417 35,212 true
418 35,212 true
419 35,212 true
420 35,212 true
421 36,212 true
422 36,212 true
423 36,212 true
424 36,212 true
425 36,212 true
426 36,212 true
427 36,212 true
428 36,212 true
429 36,212 true
430 36,212 true
431 36,212 true
432 36,212 true
433 37,212 true
434 37,212 true
435 37,212 true
436 37,212 true
437 37,212 true
438 37,212 true
439 37,212 true
440 37,212 true
441 37,212 true
442 37,212 true
443 37,212 true
444 37,212 true
445 38,212 true
446 38,212 true
447 38,212 true
448 38,212 true
449 38,212 true
450 38,212 true
451 38,212 true
452 38,212 true
453 38,212 true
454 38,212 true
455 38,212 true
456 38,212 true
457 39,212 true
458 39,212 true
459 39,212 true
460 39,212 true
461 39,212 true
462 39,212 true
463 39,212 true
464 39,212 true
465 39,212 true
466 39,212 true
467 39,212 true
468 39,212 true
469 40,212 true
470 40,212 true
471 40,212 true
472 40,212 true
473 40,212 true
474 40,212 true
475 40,212 true
476 40,212 true
477 40,212 true
478 40,212 true
479 40,212 true
480 40,212 true
481 41,212 true
482 41,212 true
483 41,212 true
484 41,212 true
485 41,212 true
486 41,212 true
487 41,212 true
488 41,212 true
489 41,212 true
490 41,212 true
491 41,212 true
492 41,212 true
493 42,212 true
494 42,212 true
495 42,212 true
496 42,212 true
497 42,212 true
498 42,212 true
499 42,212 true
500 42,212 true
501 42,212 true
502 42,212 true
503 42,212 true
504 42,212 true
505 43,212 true
506 43,212 true
507 43,212 true
508 43,212 true
509 43,212 true
510 43,212 true
511 43,212 true
512 43,212 true
513 43,212 true
514 43,212 true
515 43,212 true
516 43,212 true
517 44,212 true
518 44,212 true
519 44,212 true
520 44,212 true
521 44,212 true
522 44,212 true
523 44,212 true
524 44,212 true
525 44,212 true
526 44,212 true
527 44,212 true
528 44,212 true
529 45,212 true
530 45,212 true
531 45,212 true
532 45,212 true
533 45,212 true
534 45,212 true
535 45,212 true
536 45,212 true
537 45,212 true
538 45,212 true
539 45,212 true
540 45,212 true
541 46,212 true
542 46,212 true
543 46,212 true
544 46,212 true
545 46,212 true
546 46,212 true
547 46,212 true
548 46,212 true
549 46,212 true
550 46,212 true
551 46,212 true
552 46,212 true
553 47,212 true
554 47,212 true
555 47,212 true
556 47,212 true
557 47,212 true
558 47,212 true
559 47,212 true
560 47,212 true
561 47,212 true
562 47,212 true
563 47,212 true
564 47,212 true
565 48,212 true
566 48,212 true
567 48,212 true
568 48,212 true
569 48,212 true
570 48,212 true
571 48,212 true
572 48,212 true
573 48,212 true
574 48,212 true
575 48,212 true
576 48,212 true
577 49,212 true
578 49,212 true
579 49,212 true
580 49,212 true
581 49,212 true
582 49,212 true
583 49,212 true
584 49,212 true
585 49,212 true
586 49,212 true
587 49,212 true
588 49,212 true
589 50,212 true
590 50,212 true
591 50,212 true
592 50,212 true
593 50,212 true
594 50,212 true
595 50,212 true
596 50,212 true
597 50,212 true
598 50,212 true
599 50,212 true
600 50,212 true
601 51,212 true
602 51,212 true
603 51,212 true
604 51,212 true
605 51,212 true
606 51,212 true
607 51,212 true
608 51,212 true
609 51,212 true
610 51,212 true
611 51,212 true
612 51,212 true
613 52,212 true
614 52,212 true
615 52,212 true
616 52,212 true
617 52,212 true
618 52,212 true
619 52,212 true
620 52,212 true
621 52,212 true
622 52,212 true
623 52,212 true
624 52,212 true
625 53,212 true
626 53,212 true
627 53,212 true
628 53,212 true
629 53,212 true
630 53,212 true
631 53,212 true
632 53,212 true
633 53,212 true
634 53,212 true
635 53,212 true
636 53,212 true
637 54,212 true
638 54,212 true
639 54,212 true
640 54,212 true
641 54,212 true
642 54,212 true
643 54,212 true
644 54,212 true
645 54,212 true
646 54,212 true
647 54,212 true
648 54,212 true
649 55,212 true
650 55,212 true
651 55,212 true
652 55,212 true
653 55,212 true
654 55,212 true
655 55,212 true
656 55,212 true
657 55,212 true
658 55,212 true
659 55,212 true
660 55,212 true
661 56,212 true
662 56,212 true
663 56,212 true
664 56,212 true
665 56,212 true
666 56,212 true
667 56,212 true
668 56,212 true
669 56,212 true
670 56,212 true
671 56,212 true
672 56,212 true
673 57,212 true
674 57,212 true
675 57,212 true
676 57,212 true
677 57,212 true
678 57,212 true
679 57,212 true
680 57,212 true
681 57,212 true
682 57,212 true
683 57,212 true
684 57,212 true
685 58,212 true
686 58,212 true
687 58,212 true
688 58,212 true
689 58,212 true
690 58,212 true
691 58,212 true
692 58,212 true
693 58,212 true
694 58,212 true
695 58,212 true
696 58,212 true
697 59,212 true
698 59,212 true
699 59,212 true
700 59,212 true
701 59,212 true
702 59,212 true
703 59,212 true
704 59,212 true
705 59,212 true
706 59,212 true
707 59,212 true
708 59,212 true
709 60,212 true
710 60,212 true
711 60,212 true
712 60,212 true
713 60,212 true
714 60,212 true
715 60,212 true
716 60,212 true
717 60,212 true
718 60,212 true
719 60,212 true
720 60,212 true
721 61,212 true
722 61,212 true
723 61,212 true
724 61,212 true
725 61,212 true
726 61,212 true
727 61,212 true
728 61,212 true
729 61,212 true
730 61,212 true
731 61,212 true
732 61,212 true
733 62,212 true
734 62,212 true
735 62,212 true
736 62,212 true
737 62,212 true
738 62,212 true
739 62,212 true
740 62,212 true
741 62,212 true
742 62,212 true
743 62,212 true
744 62,212 true
745 63,212 true
746 63,212 true
747 63,212 true
748 63,212 true
749 63,212 true
750 63,212 true
751 63,212 true
752 63,212 true
753 63,212 true
754 63,212 true
755 63,212 true
756 63,212 true
757 64,212 true
758 64,212 true
759 64,212 true
760 64,212 true
761 64,212 true
762 64,212 true
763 64,212 true
764 64,212 true
765 64,212 true
766 64,212 true
767 64,212 true
768 64,212 true
769 65,212 true
770 65,212 true
771 65,212 true
772 65,212 true
773 65,212 true
774 65,212 true
775 65,212 true
776 65,212 true
777 65,212 true
778 65,212 true
779 65,212 true
780 65,212 true
781 66,212 true
782 66,212 true
783 66,212 true
784 66,212 true
785 66,212 true
786 66,212 true
787 66,212 true
788 66,212 true
789 66,212 true
790 66,212 true
791 66,212 true
792 66,212 true
793 67,212 true
794 67,212 true
795 67,212 true
796 67,212 true
797 67,212 true
798 67,212 true
799 67,212 true
800 67,212 true
801 67,212 true
802 67,212 true
803 67,212 true
804 67,212 true
805 68,212 true
806 68,212 true
807 68,212 true
808 68,212 true
809 68,212 true
810 68,212 true
811 68,212 true
812 68,212 true
813 68,212 true
814 68,212 true
815 68,212 true
816 68,212 true
817 69,212 true
818 69,212 true
819 69,212 true
820 69,212 true
821 69,212 true
822 69,212 true
823 69,212 true
824 69,212 true
825 69,212 true
826 69,212 true
827 69,212 true
828 69,212 true
829 70,212 true
830 70,212 true
831 70,212 true
832 70,212 true
833 70,212 true
834 70,212 true
835 70,212 true
836 70,212 true
837 70,212 true
838 70,212 true
839 70,212 true
840 70,212 true
841 71,212 true
842 71,212 true
843 71,212 true
844 71,212 true
845 71,212 true
846 71,212 true
847 71,212 true
848 71,212 true
849 71,212 true
850 71,212 true
851 71,212 true
852 71,212 true
853 72,212 true
854 72,212 true
855 72,212 true
856 72,212 true
857 72,212 true
858 72,212 true
859 72,212 true
860 72,212 true
861 72,212 true
862 72,212 true
863 72,212 true
864 72,212 true
865 73,212 true
866 73,212 true
867 73,212 true
868 73,212 true
869 73,212 true
870 73,212 true
871 73,212 true
872 73,212 true
873 73,212 true
874 73,212 true
875 73,212 true
876 73,212 true
877 74,212 true
878 74,212 true
879 74,212 true
880 74,212 true
881 74,212 true
882 74,212 true
883 74,212 true
884 74,212 true
885 74,212 true
886 74,212 true
887 74,212 true
888 74,212 true
889 75,212 true
890 75,212 true
891 75,212 true
892 75,212 true
893 75,212 true
894 75,212 true
895 75,212 true
896 75,212 true
897 75,212 true
898 75,212 true
899 75,212 true
900 75,212 true
901 76,212 true
902 76,212 true
903 76,212 true
904 76,212 true
905 76,212 true
906 76,212 true
907 76,212 true
908 76,212 true
909 76,212 true
910 76,212 true
911 76,212 true
912 76,212 true
913 77,212 true
914 77,212 true
915 77,212 true
916 77,212 true
917 77,212 true
918 77,212 true
919 77,212 true
920 77,212 true
921 77,212 true
922 77,212 true
923 77,212 true
924 77,212 true
925 78,212 true
926 78,212 true
927 78,212 true
928 78,212 true
929 78,212 true
930 78,212 true
931 78,212 true
932 78,212 true
933 78,212 true
934 78,212 true
935 78,212 true
936 78,212 true
937 79,212 true
938 79,212 true
939 79,212 true
940 79,212 true
941 79,212 true
942 79,212 true
943 79,212 true
944 79,212 true
945 79,212 true
946 79,212 true
947 79,212 true
948 79,212 true
949 80,212 true
950 80,212 true
951 80,212 true
952 80,212 true
953 80,212 true
954 80,212 true
955 80,212 true
956 80,212 true
957 80,212 true
958 80,212 true
959 80,212 true
960 80,212 true
961 81,212 true
962 81,212 true
963 81,212 true
964 81,212 true
965 81,212 true
966 81,212 true
967 81,212 true
968 81,212 true
969 81,212 true
970 81,212 true
971 81,212 true
972 81,212 true
973 82,212 true
974 82,212 true
975 82,212 true
976 82,212 true
977 82,212 true
978 82,212 true
979 82,212 true
980 82,212 true
981 82,212 true
982 82,212 true
983 82,212 true
984 82,212 true
985 83,212 true
986 83,212 true
987 83,212 true
988 83,212 true
989 83,212 true
990 83,212 true
991 83,212 true
992 83,212 true
993 83,212 true
994 83,212 true
995 83,212 true
996 83,212 true
997 84,212 true
998 84,212 true
999 84,212 true
1000 84,212 true
1001 84,212 true
1002 84,212 true
1003 84,212 true
1004 84,212 true
1005 84,212 true
1006 84,212 true
1007 84,212 true
1008 84,212 true
1009 85,212 true
1010 85,212 true
1011 85,212 true
1012 85,212 true
1013 85,212 true
1014 85,212 true
1015 85,212 true
1016 85,212 true
1017 85,212 true
1018 85,212 true
1019 85,212 true
1020 85,212 true
1021 86,212 true
1022 86,212 true
1023 86,212 true
1024 86,212 true
1025 86,212 true
1026 86,212 true
1027 86,212 true
1028 86,212 true
1029 86,212 true
1030 86,212 true
1031 86,212 true
1032 86,212 true
1033 87,212 true
1034 87,212 true
1035 87,212 true
1036 87,212 true
1037 87,212 true
1038 87,212 true
1039 87,212 true
1040 87,212 true
1041 87,212 true
1042 87,212 true
1043 87,212 true
1044 87,212 true
1045 88,212 true
1046 88,212 true
1047 88,212 true
1048 88,212 true
1049 88,212 true
1050 88,212 true
1051 88,212 true
1052 88,212 true
1053 88,212 true
1054 88,212 true
1055 88,212 true
1056 88,212 true
1057 89,212 true
1058 89,212 true
1059 89,212 true
1060 89,212 true
1061 89,212 true
1062 89,212 true
1063 89,212 true
1064 89,212 true
1065 89,212 true
1066 89,212 true
1067 89,212 true
1068 89,212 true
1069 90,212 true
1070 90,212 true
1071 90,212 true
1072 90,212 true
1073 90,212 true
1074 90,212 true
1075 90,212 true
1076 90,212 true
1077 90,212 true
1078 90,212 true
1079 90,212 true
1080 90,212 true
1081 91,212 true
1082 91,212 true
1083 91,212 true
1084 91,212 true
1085 91,212 true
1086 91,212 true
1087 91,212 true
1088 91,212 true
1089 91,212 true
1090 91,212 true
1091 91,212 true
1092 91,212 true
1093 92,212 true
1094 92,212 true
1095 92,212 true
1096 92,212 true
1097 92,212 true
1098 92,212 true
1099 92,212 true
1100 92,212 true
1101 92,212 true
1102 92,212 true
1103 92,212 true
1104 92,212 true
1105 93,212 true
1106 93,212 true
1107 93,212 true
1108 93,212 true
1109 93,212 true
1110 93,212 true
1111 93,212 true
1112 93,212 true
1113 93,212 true
1114 93,212 true
1115 93,212 true
1116 93,212 true
1117 94,212 true
1118 94,212 true
1119 94,212 true
1120 94,212 true
1121 94,212 true
1122 94,212 true
1123 94,212 true
1124 94,212 true
1125 94,212 true
1126 94,212 true
1127 94,212 true
1128 94,212 true
1129 95,212 true
1130 95,212 true
1131 95,212 true
1132 95,212 true
1133 95,212 true
1134 95,212 true
1135 95,212 true
1136 95,212 true
1137 95,212 true
1138 95,212 true
1139 95,212 true
1140 95,212 true
1141 96,212 true
1142 96,212 true
1143 96,212 true
1144 96,212 true
1145 96,212 true
1146 96,212 true
1147 96,212 true
1148 96,212 true
1149 96,212 true
1150 96,212 true
1151 96,212 true
1152 96,212 true
1153 97,212 true
1154 97,212 true
1155 97,212 true
1156 97,212 true
1157 97,212 true
1158 97,212 true
1159 97,212 true
1160 97,212 true
1161 97,212 true
1162 97,212 true
1163 97,212 true
1164 97,212 true
1165 98,212 true
1166 98,212 true
1167 98,212 true
1168 98,212 true
1169 98,212 true
1170 98,212 true
1171 98,212 true
1172 98,212 true
1173 98,212 true
1174 98,212 true
1175 98,212 true
1176 98,212 true
1177 99,212 true
1178 99,212 true
1179 99,212 true
1180 99,212 true
1181 99,212 true
1182 99,212 true
1183 99,212 true
1184 99,212 true
1185 99,212 true
1186 99,212 true
1187 99,212 true
1188 99,212 true
1189 100,212 true
1190 100,212 true
1191 100,212 true
1192 100,212 true
1193 100,212 true
1194 100,212 true
1195 100,212 true
1196 100,212 true
1197 100,212 true
1198 100,212 true
1199 100,212 true
1200 100,212 true
1201 101,212 true
1202 101,212 true
1203 101,212 true
1204 101,212 true
1205 101,212 true
1206 101,212 true
1207 101,212 true
1208 101,212 true
1209 101,212 true
1210 101,212 true
1211 101,212 true
1212 101,212 true
1213 102,212 true
1214 102,212 true
1215 102,212 true
1216 102,212 true
1217 102,212 true
1218 102,212 true
1219 102,212 true
1220 102,212 true
1221 102,212 true
1222 102,212 true
1223 102,212 true
1224 102,212 true
1225 103,212 true
1226 103,212 true
1227 103,212 true
1228 103,212 true
1229 103,212 true
1230 103,212 true
1231 103,212 true
1232 103,212 true
1233 103,212 true
1234 103,212 true
1235 103,212 true
1236 103,212 true
1237 104,212 true
1238 104,212 true
1239 104,212 true
1240 104,212 true
1241 104,212 true
1242 104,212 true
1243 104,212 true
1244 104,212 true
1245 104,212 true
1246 104,212 true
1247 104,212 true
1248 104,212 true
1249 105,212 true
1250 105,212 true
1251 105,212 true
1252 105,212 true
1253 105,212 true
1254 105,212 true
1255 105,212 true
1256 105,212 true
1257 105,212 true
1258 105,212 true
1259 105,212 true
1260 105,212 true
1261 106,212 true
1262 106,212 true
1263 106,212 true
1264 106,212 true
1265 106,212 true
1266 106,212 true
1267 106,212 true
1268 106,212 true
1269 106,212 true
1270 106,212 true
1271 106,212 true
1272 106,212 true
1273 107,212 true
1274 107,212 true
1275 107,212 true
1276 107,212 true
1277 107,212 true
1278 107,212 true
1279 107,212 true
1280 107,212 true
1281 107,212 true
1282 107,212 true
1283 107,212 true
1284 107,212 true
1285 108,212 true
1286 108,212 true
1287 108,212 true
1288 108,212 true
1289 108,212 true
1290 108,212 true
1291 108,212 true
1292 108,212 true
1293 108,212 true
1294 108,212 true
1295 108,212 true
1296 108,212 true
1297 109,212 true
1298 109,212 true
1299 109,212 true
1300 109,212 true
1301 109,212 true
1302 109,212 true
1303 109,212 true
1304 109,212 true
1305 109,212 true
1306 109,212 true
1307 109,212 true
1308 109,212 true
1309 110,212 true
1310 110,212 true
1311 110,212 true
1312 110,212 true
1313 110,212 true
1314 110,212 true
1315 110,212 true
1316 110,212 true
1317 110,212 true
1318 110,212 true
1319 110,212 true
1320 110,212 true
1321 111,212 true
1322 111,212 true
1323 111,212 true
1324 111,212 true
1325 111,212 true
1326 111,212 true
1327 111,212 true
1328 111,212 true
1329 111,212 true
1330 111,212 true
1331 111,212 true
1332 111,212 true
1333 112,212 true
1334 112,212 true
1335 112,212 true
1336 112,212 true
1337 112,212 true
1338 112,212 true
1339 112,212 true
1340 112,212 true
1341 112,212 true
1342 112,212 true
1343 112,212 true
1344 112,212 true
1345 113,212 true
1346 113,212 true
1347 113,212 true
1348 113,212 true
1349 113,212 true
1350 113,212 true
1351 113,212 true
1352 113,212 true
1353 113,212 true
1354 113,212 true
1355 113,212 true
1356 113,212 true
1357 114,212 true
1358 114,212 true
1359 114,212 true
1360 114,212 true
1361 114,212 true
1362 114,212 true
1363 114,212 true
1364 114,212 true
1365 114,212 true
1366 114,212 true
1367 114,212 true
1368 114,212 true
1369 115,212 true
1370 115,212 true
1371 115,212 true
1372 115,212 true
1373 115,212 true
1374 115,212 true
1375 115,212 true
1376 115,212 true
1377 115,212 true
1378 115,212 true
1379 115,212 true
1380 115,212 true
1381 116,212 true
1382 116,212 true
1383 116,212 true
1384 116,212 true
1385 116,212 true
1386 116,212 true
1387 116,212 true
1388 116,212 true
1389 116,212 true
1390 116,212 true
1391 116,212 true
1392 116,212 true
1393 117,212 true
1394 117,212 true
1395 117,212 true
1396 117,212 true
1397 117,212 true
1398 117,212 true
1399 117,212 true
1400 117,212 true
1401 117,212 true
1402 117,212 true
1403 117,212 true
1404 117,212 true
1405 118,212 true
1406 118,212 true
1407 118,212 true
1408 118,212 true
1409 118,212 true
1410 118,212 true
1411 118,212 true
1412 118,212 true
1413 118,212 true
1414 118,212 true
1415 118,212 true
1416 118,212 true
1417 119,212 true
1418 119,212 true
1419 119,212 true
1420 119,212 true
1421 119,212 true
1422 119,212 true
1423 119,212 true
1424 119,212 true
1425 119,212 true
1426 119,212 true
1427 119,212 true
1428 119,212 true
1429 120,212 true
1430 120,212 true
1431 120,212 true
1432 120,212 true
1433 120,212 true
1434 120,212 true
1435 120,212 true
1436 120,212 true
1437 120,212 true
1438 120,212 true
1439 120,212 true
1440 120,212 true
1441 121,212 true
1442 121,212 true
1443 121,212 true
1444 121,212 true
1445 121,212 true
1446 121,212 true
1447 121,212 true
1448 121,212 true
1449 121,212 true
1450 121,212 true
1451 121,212 true
1452 121,212 true
1453 122,212 true
1454 122,212 true
1455 122,212 true
1456 122,212 true
1457 122,212 true
1458 122,212 true
1459 122,212 true
1460 122,212 true
1461 122,212 true
1462 122,212 true
1463 122,212 true
1464 122,212 true
1465 123,212 true
1466 123,212 true
1467 123,212 true
1468 123,212 true
1469 123,212 true
1470 123,212 true
1471 123,212 true
1472 123,212 true
1473 123,212 true
1474 123,212 true
1475 123,212 true
1476 123,212 true
1477 124,212 true
1478 124,212 true
1479 124,212 true
1480 124,212 true
1481 124,212 true
1482 124,212 true
1483 124,212 true
1484 124,212 true
1485 124,212 true
1486 124,212 true
1487 124,212 true
1488 124,212 true
1489 125,212 true
1490 125,212 true
1491 125,212 true
1492 125,212 true
1493 125,212 true
1494 125,212 true
1495 125,212 true
1496 125,212 true
1497 125,212 true
1498 125,212 true
1499 125,212 true
1500 125,212 true
1501 126,212 true
1502 126,212 true
1503 126,212 true
1504 126,212 true
1505 126,212 true
1506 126,212 true
1507 126,212 true
1508 126,212 true
1509 126,212 true
1510 126,212 true
1511 126,212 true
1512 126,212 true
1513 127,212 true
1514 127,212 true
1515 127,212 true
1516 127,212 true
1517 127,212 true
1518 127,212 true
1519 127,212 true
1520 127,212 true
1521 127,212 true
1522 127,212 true
1523 127,212 true
1524 127,212 true
1525 128,212 true
1526 128,212 true
1527 128,212 true
1528 128,212 true
1529 128,212 true
1530 128,212 true
1531 128,212 true
1532 128,212 true
1533 128,212 true
1534 128,212 true
1535 128,212 true
1536 128,212 true
1537 129,212 true
1538 129,212 true
1539 129,212 true
1540 129,212 true
1541 129,212 true
1542 129,212 true
1543 129,212 true
1544 129,212 true
1545 129,212 true
1546 129,212 true
1547 129,212 true
1548 129,212 true
1549 130,212 true
1550 130,212 true
1551 130,212 true
1552 130,212 true
1553 130,212 true
1554 130,212 true
1555 130,212 true
1556 130,212 true
1557 130,212 true
1558 130,212 true
1559 130,212 true
1560 130,212 true
1561 131,212 true
1562 131,212 true
1563 131,212 true
1564 131,212 true
1565 131,212 true
1566 131,212 true
1567 131,212 true
1568 131,212 true
1569 131,212 true
1570 131,212 true
1571 131,212 true
1572 131,212 true
1573 132,212 true
1574 132,212 true
1575 132,212 true
1576 132,212 true
1577 132,212 true
1578 132,212 true
1579 132,212 true
1580 132,212 true
1581 132,212 true
1582 132,212 true
1583 132,212 true
1584 132,212 true
1585 133,212 true
1586 133,212 true
1587 133,212 true
1588 133,212 true
1589 133,212 true
1590 133,212 true
1591 133,212 true
1592 133,212 true
1593 133,212 true
1594 133,212 true
1595 133,212 true
1596 133,212 true
1597 134,212 true
1598 134,212 true
1599 134,212 true
1600 134,212 true
1601 134,212 true
1602 134,212 true
1603 134,212 true
1604 134,212 true
1605 134,212 true
1606 134,212 true
1607 134,212 true
1608 134,212 true
1609 135,212 true
1610 135,212 true
1611 135,212 true
1612 135,212 true
1613 135,212 true
1614 135,212 true
1615 135,212 true
1616 135,212 true
1617 135,212 true
1618 135,212 true
1619 135,212 true
1620 135,212 true
1621 136,212 true
1622 136,212 true
1623 136,212 true
1624 136,212 true
1625 136,212 true
1626 136,212 true
1627 136,212 true
1628 136,212 true
1629 136,212 true
1630 136,212 true
1631 136,212 true
1632 136,212 true
1633 137,212 true
1634 137,212 true
1635 137,212 true
1636 137,212 true
1637 137,212 true
1638 137,212 true
1639 137,212 true
1640 137,212 true
1641 137,212 true
1642 137,212 true
1643 137,212 true
1644 137,212 true
1645 138,212 true
1646 138,212 true
1647 138,212 true
1648 138,212 true
1649 138,212 true
1650 138,212 true
1651 138,212 true
1652 138,212 true
1653 138,212 true
1654 138,212 true
1655 138,212 true
1656 138,212 true
1657 139,212 true
1658 139,212 true
1659 139,212 true
1660 139,212 true
1661 139,212 true
1662 139,212 true
1663 139,212 true
1664 139,212 true
1665 139,212 true
1666 139,212 true
1667 139,212 true
1668 139,212 true
1669 140,212 true
1670 140,212 true
1671 140,212 true
1672 140,212 true
1673 140,212 true
1674 140,212 true
1675 140,212 true
1676 140,212 true
1677 140,212 true
1678 140,212 true
1679 140,212 true
1680 140,212 true
1681 141,212 true
1682 141,212 true
1683 141,212 true
1684 141,212 true
1685 141,212 true
1686 141,212 true
1687 141,212 true
1688 141,212 true
1689 141,212 true
1690 141,212 true
1691 141,212 true
1692 141,212 true
1693 142,212 true
1694 142,212 true
1695 142,212 true
1696 142,212 true
1697 142,212 true
1698 142,212 true
1699 142,212 true
1700 142,212 true
1701 142,212 true
1702 142,212 true
1703 142,212 true
1704 142,212 true
1705 143,212 true
1706 143,212 true
1707 143,212 true
1708 143,212 true
1709 143,212 true
1710 143,212 true
1711 143,212 true
1712 143,212 true
1713 143,212 true
1714 143,212 true
1715 143,212 true
1716 143,212 true
1717 144,212 true
1718 144,212 true
1719 144,212 true
1720 144,212 true
1721 144,212 true
1722 144,212 true
1723 144,212 true
1724 144,212 true
1725 144,212 true
1726 144,212 true
1727 144,212 true
1728 144,212 true
1729 145,212 true
1730 145,212 true
1731 145,212 true
1732 145,212 true
1733 145,212 true
1734 145,212 true
1735 145,212 true
1736 145,212 true
1737 145,212 true
1738 145,212 true
1739 145,212 true
1740 145,212 true
1741 146,212 true
1742 146,212 true
1743 146,212 true
1744 146,212 true
1745 146,212 true
1746 146,212 true
1747 146,212 true
1748 146,212 true
1749 146,212 true
1750 146,212 true
1751 146,212 true
1752 146,212 true
1753 147,212 true
1754 147,212 true
1755 147,212 true
1756 147,212 true
1757 147,212 true
1758 147,212 true
1759 147,212 true
1760 147,212 true
1761 147,212 true
1762 147,212 true
1763 147,212 true
1764 147,212 true
1765 148,212 true
1766 148,212 true
1767 148,212 true
1768 148,212 true
1769 148,212 true
1770 148,212 true
1771 148,212 true
1772 148,212 true
1773 148,212 true
1774 148,212 true
1775 148,212 true
1776 148,212 true
1777 149,212 true
1778 149,212 true
1779 149,212 true
1780 149,212 true
1781 149,212 true
1782 149,212 true
1783 149,212 true
1784 149,212 true
1785 149,212 true
1786 149,212 true
1787 149,212 true
1788 149,212 true
1789 150,212 true
1790 150,212 true
1791 150,212 true
1792 150,212 true
1793 150,212 true
1794 150,212 true
1795 150,212 true
1796 150,212 true
1797 150,212 true
1798 150,212 true
1799 150,212 true
1800 150,212 true
1801 151,212 true
1802 151,212 true
1803 151,212 true
1804 151,212 true
1805 151,212 true
1806 151,212 true
1807 151,212 true
1808 151,212 true
1809 151,212 true
1810 151,212 true
1811 151,212 true
1812 151,212 true
1813 152,212 true
1814 152,212 true
1815 152,212 true
1816 152,212 true
1817 152,212 true
1818 152,212 true
1819 152,212 true
1820 152,212 true
1821 152,212 true
1822 152,212 true
1823 152,212 true
1824 152,212 true
1825 153,212 true
1826 153,212 true
1827 153,212 true
1828 153,212 true
1829 153,212 true
1830 153,212 true
1831 153,212 true
1832 153,212 true
1833 153,212 true
1834 153,212 true
1835 153,212 true
1836 153,212 true
1837 154,212 true
1838 154,212 true
1839 154,212 true
1840 154,212 true
1841 154,212 true
1842 154,212 true
1843 154,212 true
1844 154,212 true
1845 154,212 true
1846 154,212 true
1847 154,212 true
1848 154,212 true
1849 155,212 true
1850 155,212 true
1851 155,212 true
1852 155,212 true
1853 155,212 true
1854 155,212 true
1855 155,212 true
1856 155,212 true
1857 155,212 true
1858 155,212 true
1859 155,212 true
1860 155,212 true
1861 156,212 true
1862 156,212 true
1863 156,212 true
1864 156,212 true
1865 156,212 true
1866 156,212 true
1867 156,212 true
1868 156,212 true
1869 156,212 true
1870 156,212 true
1871 156,212 true
1872 156,212 true
1873 157,212 true
1874 157,212 true
1875 157,212 true
1876 157,212 true
1877 157,212 true
1878 157,212 true
1879 157,212 true
1880 157,212 true
1881 157,212 true
1882 157,212 true
1883 157,212 true
1884 157,212 true
1885 158,212 true
1886 158,212 true
1887 158,212 true
1888 158,212 true
1889 158,212 true
1890 158,212 true
1891 158,212 true
1892 158,212 true
1893 158,212 true
1894 158,212 true
1895 158,212 true
1896 158,212 true
1897 159,212 true
1898 159,212 true
1899 159,212 true
1900 159,212 true
1901 159,212 true
1902 159,212 true
1903 159,212 true
1904 159,212 true
1905 159,212 true
1906 159,212 true
1907 159,212 true
1908 159,212 true
1909 160,212 true
1910 160,212 true
1911 160,212 true
1912 160,212 true
1913 160,212 true
1914 160,212 true
1915 160,212 true
1916 160,212 true
1917 160,212 true
1918 160,212 true
1919 160,212 true
1920 160,212 true
1921 161,212 true
1922 161,212 true
1923 161,212 true
1924 161,212 true
1925 161,212 true
1926 161,212 true
1927 161,212 true
1928 161,212 true
1929 161,212 true
1930 161,212 true
1931 161,212 true
1932 161,212 true
1933 162,212 true
1934 162,212 true
1935 162,212 true
1936 162,212 true
1937 162,212 true
1938 162,212 true
1939 162,212 true
1940 162,212 true
1941 162,212 true
1942 162,212 true
1943 162,212 true
1944 162,212 true
1945 163,212 true
1946 163,212 true
1947 163,212 true
1948 163,212 true
1949 163,212 true
1950 163,212 true
1951 163,212 true
1952 163,212 true
1953 163,212 true
1954 163,212 true
1955 163,212 true
1956 163,212 true
1957 164,212 true
1958 164,212 true
1959 164,212 true
1960 164,212 true
1961 164,212 true
1962 164,212 true
1963 164,212 true
1964 164,212 true
1965 164,212 true
1966 164,212 true
1967 164,212 true
1968 164,212 true
1969 165,212 true
1970 165,212 true
1971 165,212 true
1972 165,212 true
1973 165,212 true
1974 165,212 true
1975 165,212 true
1976 165,212 true
1977 165,212 true
1978 165,212 true
1979 165,212 true
1980 165,212 true
1981 166,212 true
1982 166,212 true
1983 166,212 true
1984 166,212 true
1985 166,212 true
1986 166,212 true
1987 166,212 true
1988 166,212 true
1989 166,212 true
1990 166,212 true
1991 166,212 true
1992 166,212 true
1993 167,212 true
1994 167,212 true
1995 167,212 true
1996 167,212 true
1997 167,212 true
1998 167,212 true
1999 167,212 true
2000 167,212 true
2001 167,212 true
2002 167,212 true
2003 167,212 true
2004 167,212 true
2005 168,212 true
2006 168,212 true
2007 168,212 true
2008 168,212 true
2009 168,212 true
2010 168,212 true
2011 168,212 true
2012 168,212 true
2013 168,212 true
2014 168,212 true
2015 168,212 true
2016 168,212 true
2017 169,212 true
2018 169,212 true
2019 169,212 true
2020 169,212 true
2021 169,212 true
2022 169,212 true
2023 169,212 true
2024 169,212 true
2025 169,212 true
2026 169,212 true
2027 169,212 true
2028 169,212 true
2029 170,212 true
2030 170,212 true
2031 170,212 true
2032 170,212 true
2033 170,212 true
2034 170,212 true
2035 170,212 true
2036 170,212 true
2037 170,212 true
2038 170,212 true
2039 170,212 true
2040 170,212 true
2041 171,212 true
2042 171,212 true
2043 171,212 true
2044 171,212 true
2045 171,212 true
2046 171,212 true
2047 171,212 true
2048 171,212 true
2049 171,212 true
2050 171,212 true
2051 171,212 true
2052 171,212 true
2053 172,212 true
2054 172,212 true
2055 172,212 true
2056 172,212 true
2057 172,212 true
2058 172,212 true
2059 172,212 true
2060 172,212 true
2061 172,212 true
2062 172,212 true
2063 172,212 true
2064 172,212 true
2065 173,212 true
2066 173,212 true
2067 173,212 true
2068 173,212 true
2069 173,212 true
2070 173,212 true
2071 173,212 true
2072 173,212 true
2073 173,212 true
2074 173,212 true
2075 173,212 true
2076 173,212 true
2077 174,212 true
2078 174,212 true
2079 174,212 true
2080 174,212 true
2081 174,212 true
2082 174,212 true
2083 174,212 true
2084 174,212 true
2085 174,212 true
2086 174,212 true
2087 174,212 true
2088 174,212 true
2089 175,212 true
2090 175,212 true
2091 175,212 true
2092 175,212 true
2093 175,212 true
2094 175,212 true
2095 175,212 true
2096 175,212 true
2097 175,212 true
2098 175,212 true
2099 175,212 true
2100 175,212 true
2101 176,212 true
2102 176,212 true
2103 176,212 true
2104 176,212 true
2105 176,212 true
2106 176,212 true
2107 176,212 true
2108 176,212 true
2109 176,212 true
2110 176,212 true
2111 176,212 true
2112 176,212 true
2113 177,212 true
2114 177,212 true
2115 177,212 true
2116 177,212 true
2117 177,212 true
2118 177,212 true
2119 177,212 true
2120 177,212 true
2121 177,212 true
2122 177,212 true
2123 177,212 true
2124 177,212 true
2125 178,212 true
2126 178,212 true
2127 178,212 true
2128 178,212 true
2129 178,212 true
2130 178,212 true
2131 178,212 true
2132 178,212 true
2133 178,212 true
2134 178,212 true
2135 178,212 true
2136 178,212 true
2137 179,212 true
2138 179,212 true
2139 179,212 true
2140 179,212 true
2141 179,212 true
2142 179,212 true
2143 179,212 true
2144 179,212 true
2145 179,212 true
2146 179,212 true
2147 179,212 true
2148 179,212 true
2149 180,212 true
2150 180,212 true
2151 180,212 true
2152 180,212 true
2153 180,212 true
2154 180,212 true
2155 180,212 true
2156 180,212 true
2157 180,212 true
2158 180,212 true
2159 180,212 true
2160 180,212 true
2161 181,212 true
2162 181,212 true
2163 181,212 true
2164 181,212 true
2165 181,212 true
2166 181,212 true
2167 181,212 true
2168 181,212 true
2169 181,212 true
2170 181,212 true
2171 181,212 true
2172 181,212 true
2173 182,212 true
2174 182,212 true
2175 182,212 true
2176 182,212 true
2177 182,212 true
2178 182,212 true
2179 182,212 true
2180 182,212 false
2181 182,212 false
2182 182,212 false
2183 182,212 false
2184 182,212 false
2185 183,212 false
2186 183,212 false
2187 183,212 false
2188 183,212 false
2189 183,212 false
2190 183,212 false
2191 183,212 false
2192 183,212 false
2193 183,212 false
2194 183,212 false
2195 183,212 false
2196 183,212 false
2197 184,212 false
2198 184,212 false
2199 184,212 false
2200 184,212 false
2201 184,212 false
2202 184,212 false
2203 184,212 false
2204 184,212 false
2205 184,212 false
2206 184,212 false
2207 184,212 false
2208 184,212 false
2209 185,212 false
2210 185,212 false
2211 185,212 false
2212 185,212 false
2213 185,212 false
2214 185,212 false
2215 185,212 false
2216 185,212 false
2217 185,212 false
2218 185,212 false
2219 185,212 false
2220 185,212 false
2221 186,212 false
2222 186,212 false
2223 186,212 false
2224 186,212 false
2225 186,212 false
2226 186,212 false
2227 186,212 false
2228 186,212 false
2229 186,212 false
2230 186,212 false
2231 186,212 false
2232 186,212 false
2233 187,212 false
2234 187,212 false
2235 187,212 false
2236 187,212 false
2237 187,212 false
2238 187,212 false
2239 187,212 false
2240 187,212 false
2241 187,212 false
2242 187,212 false
2243 187,212 false
2244 187,212 false
2245 188,212 false
2246 188,212 false
2247 188,212 false
2248 188,212 false
2249 188,212 false
2250 188,212 false
2251 188,212 false
2252 188,212 false
2253 188,212 false
2254 188,212 false
2255 188,212 false
2256 188,212 false
2257 189,212 false
2258 189,212 false
2259 189,212 false
2260 189,212 false
2261 189,212 false
2262 189,212 false
2263 189,212 false
2264 189,212 false
2265 189,212 false
2266 189,212 false
2267 189,212 false
2268 189,212 false
2269 190,212 false
2270 190,212 false
2271 190,212 false
2272 190,212 false
2273 190,212 false
2274 190,212 false
2275 190,212 false
2276 190,212 false
2277 190,212 false
2278 190,212 false
2279 190,212 false
2280 190,212 false
2281 191,212 false
2282 191,212 false
2283 191,212 false
2284 191,212 false
2285 191,212 false
2286 191,212 false
2287 191,212 false
2288 191,212 false
2289 191,212 false
2290 191,212 false
2291 191,212 false
2292 191,212 false
2293 192,212 false
2294 192,212 false
2295 192,212 false
2296 192,212 false
2297 192,212 false
2298 192,212 false
2299 192,212 false
2300 192,212 false
2301 192,212 false
2302 192,212 false
2303 192,212 false
2304 192,212 false
2305 193,212 false
2306 193,212 false
2307 193,212 false
2308 193,212 false
2309 193,212 false
2310 193,212 false
2311 193,212 false
2312 193,212 false
2313 193,212 false
2314 193,212 false
2315 193,212 false
2316 193,212 false
2317 194,212 false
2318 194,212 false
2319 194,212 false
2320 194,212 false
2321 194,212 false
2322 194,212 false
2323 194,212 false
2324 194,212 false
2325 194,212 false
2326 194,212 false
2327 194,212 false
2328 194,212 false
2329 195,212 false
2330 195,212 false
2331 195,212 false
2332 195,212 false
2333 195,212 false
2334 195,212 false
2335 195,212 false
2336 195,212 false
2337 195,212 false
2338 195,212 false
2339 195,212 false
2340 195,212 false
2341 196,212 false
2342 196,212 false
2343 196,212 false
2344 196,212 false
2345 196,212 false
2346 196,212 false
2347 196,212 false
2348 196,212 false
2349 196,212 false
2350 196,212 false
2351 196,212 false
2352 196,212 false
2353 197,212 false
2354 197,212 false
2355 197,212 false
2356 197,212 false
2357 197,212 false
2358 197,212 false
2359 197,212 false
2360 197,212 false
2361 197,212 false
2362 197,212 false
2363 197,212 false
2364 197,212 false
2365 198,212 false
2366 198,212 false
2367 198,212 false
2368 198,212 false
2369 198,212 false
2370 198,212 false
2371 198,212 false
2372 198,212 false
2373 198,212 false
2374 198,212 false
2375 198,212 false
2376 198,212 false
2377 199,212 false
2378 199,212 false
2379 199,212 false
2380 199,212 false
2381 199,212 false
2382 199,212 false
2383 199,212 false
2384 199,212 false
2385 199,212 false
2386 199,212 false
2387 199,212 false
2388 199,212 false
2389 200,212 false
2390 200,212 false
2391 200,212 false
2392 200,212 false
2393 200,212 false
2394 200,212 false
2395 200,212 false
2396 200,212 false
2397 200,212 false
2398 200,212 false
2399 200,212 false
2400 200,212 false
2401 201,212 false
2402 201,212 false
2403 201,212 false
2404 201,212 false
2405 201,212 false
2406 201,212 false
2407 201,212 false
2408 201,212 false
2409 201,212 false
2410 201,212 false
2411 201,212 false
2412 201,212 false
2413 202,212 false
2414 202,212 false
2415 202,212 false
2416 202,212 false
2417 202,212 false
2418 202,212 false
2419 202,212 false
2420 202,212 false
2421 202,212 false
2422 202,212 false
2423 202,212 false
2424 202,212 false
2425 203,212 false
2426 203,212 false
2427 203,212 false
2428 203,212 false
2429 203,212 false
2430 203,212 false
2431 203,212 false
2432 203,212 false
2433 203,212 false
2434 203,212 false
2435 203,212 false
2436 203,212 false
2437 204,212 false
2438 204,212 false
2439 204,212 false
2440 204,212 false
2441 204,212 false
2442 204,212 false
2443 204,212 false
2444 204,212 false
2445 204,212 false
2446 204,212 false
2447 204,212 false
2448 204,212 false
2449 205,212 false
2450 205,212 false
2451 205,212 false
2452 205,212 false
2453 205,212 false
2454 205,212 false
2455 205,212 false
2456 205,212 false
2457 205,212 false
2458 205,212 false
2459 205,212 false
2460 205,212 false
2461 205,213 true
2462 205,213 true
2463 205,213 true
2464 205,213 true
2465 205,213 true
2466 205,213 true
2467 205,213 true
2468 205,213 true
2469 205,213 true
2470 205,213 true
2471 205,213 true
2472 205,213 true
2473 205,214 true
2474 205,214 true
2475 205,214 true
2476 205,214 true
2477 205,214 true
2478 205,214 true
2479 205,214 true
2480 205,214 true
2481 205,214 true
2482 205,214 true
2483 205,214 true
2484 205,214 true
2485 205,215 true
2486 205,215 true
2487 205,215 true
2488 205,215 true
2489 205,215 true
2490 205,215 true
2491 205,215 true
2492 205,215 true
2493 205,215 true
2494 205,215 true
2495 205,215 true
2496 205,215 true
2497 205,216 true
2498 205,216 true
2499 205,216 true
2500 205,216 true
2501 205,216 true
2502 205,216 true
2503 205,216 true
2504 205,216 true
2505 205,216 true
2506 205,216 true
2507 205,216 true
2508 205,216 true
2509 205,217 true
2510 205,217 true
2511 205,217 true
2512 205,217 true
2513 205,217 true
2514 205,217 true
2515 205,217 true
2516 205,217 true
2517 205,217 true
2518 205,217 true
2519 205,217 true
2520 205,217 true
2521 205,218 true
2522 205,218 true
2523 205,218 true
2524 205,218 true
2525 205,218 true
2526 205,218 true
2527 205,218 true
2528 205,218 true
2529 205,218 true
2530 205,218 true
2531 205,218 true
2532 205,218 true
2533 205,219 true
2534 205,219 true
2535 205,219 true
2536 205,219 true
2537 205,219 true
2538 205,219 true
2539 205,219 true
2540 205,219 true
2541 205,219 true
2542 205,219 true
2543 205,219 true
2544 205,219 true
2545 205,220 true
2546 205,220 true
2547 205,220 true
2548 205,220 true
2549 205,220 true
2550 205,220 true
2551 205,220 true
2552 205,220 true
2553 205,220 true
2554 205,220 true
2555 205,220 true
2556 205,220 true
2557 205,221 true
2558 205,221 true
2559 205,221 true
2560 205,221 true
2561 205,221 true
2562 205,221 true
2563 205,221 true
2564 205,221 true
2565 205,221 true
2566 205,221 true
2567 205,221 true
2568 205,221 true
2569 205,222 true
2570 205,222 true
2571 205,222 true
2572 205,222 true
2573 205,222 true
2574 205,222 true
2575 205,222 true
2576 205,222 true
2577 205,222 true
2578 205,222 true
2579 205,222 true
2580 205,222 true
2581 205,223 true
2582 205,223 true
2583 205,223 true
2584 205,223 true
2585 205,223 true
2586 205,223 true
2587 205,223 true
2588 205,223 true
2589 205,223 true
2590 205,223 true
2591 205,223 true
2592 205,223 true
2593 205,224 true
2594 205,224 true
2595 205,224 true
2596 205,224 true
2597 205,224 true
2598 205,224 true
2599 205,224 true
2600 205,224 true
2601 205,224 true
2602 205,224 true
2603 205,224 true
2604 205,224 true
2605 205,225 true
2606 205,225 true
2607 205,225 true
2608 205,225 true
2609 205,225 true
2610 205,225 true
2611 205,225 true
2612 205,225 true
2613 205,225 true
2614 205,225 true
2615 205,225 true
2616 205,225 true
2617 205,226 true
2618 205,226 true
2619 205,226 true
2620 205,226 true
2621 205,226 true
2622 205,226 true
2623 205,226 true
2624 205,226 true
2625 205,226 true
2626 205,226 true
2627 205,226 true
2628 205,226 true
2629 205,227 true
2630 205,227 true
2631 205,227 true
2632 205,227 true
2633 205,227 true
2634 205,227 true
2635 205,227 true
2636 205,227 true
2637 205,227 true
2638 205,227 true
2639 205,227 true
2640 205,227 true
2641 205,228 false
2642 205,228 false
2643 205,228 false
2644 205,228 false
2645 205,228 false
2646 205,228 false
2647 205,228 false
2648 205,228 false
2649 205,228 false
2650 205,228 false
2651 205,228 false
2652 205,228 false
2653 205,229 false
2654 205,229 false
2655 205,229 false
2656 205,229 false
2657 205,229 false
2658 205,229 false
2659 205,229 false
2660 205,229 false
2661 205,229 false
2662 205,229 false
2663 205,229 false
2664 205,229 false
2665 205,230 false
2666 205,230 false
2667 205,230 false
2668 205,230 false
2669 205,230 false
2670 205,230 false
2671 205,230 false
2672 205,230 false
2673 205,230 false
2674 205,230 false
2675 205,230 false
2676 205,230 false
2677 205,231 false
2678 205,231 false
2679 205,231 false
2680 205,231 false
2681 205,231 false
2682 205,231 false
2683 205,231 false
2684 205,231 false
2685 205,231 false
2686 205,231 false
2687 205,231 false
2688 205,231 false
2689 205,232 false
2690 205,232 false
2691 205,232 false
2692 205,232 false
2693 205,232 false
2694 205,232 false
2695 205,232 false
2696 205,232 false
2697 205,232 false
2698 205,232 false
2699 205,232 false
2700 205,232 false
2701 205,233 false
2702 205,233 false
2703 205,233 false
2704 205,233 false
2705 205,233 false
2706 205,233 false
2707 205,233 false
2708 205,233 false
2709 205,233 false
2710 205,233 false
2711 205,233 false
2712 205,233 false
2713 205,234 false
2714 205,234 false
2715 205,234 false
2716 205,234 false
2717 205,234 false
2718 205,234 false
2719 205,234 false
2720 205,234 false
2721 205,234 false
2722 205,234 false
2723 205,234 false
2724 205,234 false
2725 205,235 false
2726 205,235 false
2727 205,235 false
2728 205,235 false
2729 205,235 false
2730 205,235 false
2731 205,235 false
2732 205,235 false
2733 205,235 false
2734 205,235 false
2735 205,235 false
2736 205,235 false
2737 205,236 false
2738 205,236 false
2739 205,236 false
2740 205,236 false
2741 205,236 false
2742 205,236 false
2743 205,236 false
2744 205,236 false
2745 205,236 false
2746 205,236 false
2747 205,236 false
2748 205,236 false
2749 205,237 false
2750 205,237 false
2751 205,237 false
2752 205,237 false
2753 205,237 false
2754 205,237 false
2755 205,237 false
2756 205,237 false
2757 205,237 false
2758 205,237 false
2759 205,237 false
2760 205,237 false
2761 205,238 false
2762 205,238 false
2763 205,238 false
2764 205,238 false
2765 205,238 false
2766 205,238 false
2767 205,238 false
2768 205,238 false
2769 205,238 false
2770 205,238 false
2771 205,238 false
2772 205,238 false
2773 205,239 false
2774 205,239 false
2775 205,239 false
2776 205,239 false
2777 205,239 false
2778 205,239 false
2779 205,239 false
2780 205,239 false
2781 205,239 false
2782 205,239 false
2783 205,239 false
2784 205,239 false
2785 205,240 false
2786 205,240 false
2787 205,240 false
2788 205,240 false
2789 205,240 false
2790 205,240 false
2791 205,240 false
2792 205,240 false
2793 205,240 false
2794 205,240 false
2795 205,240 false
2796 205,240 false
2797 205,241 false
2798 205,241 false
2799 205,241 false
2800 205,241 false
2801 205,241 false
2802 205,241 false
2803 205,241 false
2804 205,241 false
2805 205,241 false
2806 205,241 false
2807 205,241 false
2808 205,241 false
2809 205,242 false
2810 205,242 false
2811 205,242 false
2812 205,242 false
2813 205,242 false
2814 205,242 false
2815 205,242 false
2816 205,242 false
2817 205,242 false
2818 205,242 false
2819 205,242 false
2820 205,242 false
2821 205,243 false
2822 205,243 false
2823 205,243 false
2824 205,243 false
2825 205,243 false
2826 205,243 false
2827 205,243 false
2828 205,243 false
2829 205,243 false
2830 205,243 false
2831 205,243 false
2832 205,243 false
2833 205,244 false
2834 205,244 false
2835 205,244 false
2836 205,244 false
2837 205,244 false
2838 205,244 false
2839 205,244 false
2840 205,244 false
2841 205,244 false
2842 205,244 false
2843 205,244 false
2844 205,244 false
2845 205,245 false
2846 205,245 false
2847 205,245 false
2848 205,245 false
2849 205,245 false
2850 205,245 false
2851 205,245 false
2852 205,245 false
2853 205,245 false
2854 205,245 false
2855 205,245 false
2856 205,245 false
2857 205,246 false
2858 205,246 false
2859 205,246 false
2860 205,246 false
2861 205,246 false
2862 205,246 false
2863 205,246 false
2864 205,246 false
2865 205,246 false
2866 205,246 false
2867 205,246 false
2868 205,246 false
2869 205,247 false
2870 205,247 false
2871 205,247 false
2872 205,247 false
2873 205,247 false
2874 205,247 false
2875 205,247 false
2876 205,247 false
2877 205,247 false
2878 205,247 false
2879 205,247 false
2880 205,247 false
2881 205,248 false
2882 205,248 false
2883 205,248 false
2884 205,248 false
2885 205,248 false
2886 205,248 false
2887 205,248 false
2888 205,248 false
2889 205,248 false
2890 205,248 false
2891 205,248 false
2892 205,248 false
2893 205,249 false
2894 205,249 false
2895 205,249 false
2896 205,249 false
2897 205,249 false
2898 205,249 false
2899 205,249 false
2900 205,249 false
2901 205,249 false
2902 205,249 false
2903 205,249 false
2904 205,249 false
2905 205,250 false
2906 205,250 false
2907 205,250 false
2908 205,250 false
2909 205,250 false
2910 205,250 false
2911 205,250 false
2912 205,250 false
2913 205,250 false
2914 205,250 false
2915 205,250 false
2916 205,250 false
2917 205,251 false
2918 205,251 false
2919 205,251 false
2920 205,251 false
2921 205,251 false
2922 205,251 false
2923 205,251 false
2924 205,251 false
2925 205,251 false
2926 205,251 false
2927 205,251 false
2928 205,251 false
2929 205,252 false
2930 205,252 false
2931 205,252 false
2932 205,252 false
2933 205,252 false
2934 205,252 false
2935 205,252 false
2936 205,252 false
2937 205,252 false
2938 205,252 false
2939 205,252 false
2940 205,252 false
2941 205,253 false
2942 205,253 false
2943 205,253 false
2944 205,253 false
2945 205,253 false
2946 205,253 false
2947 205,253 false
2948 205,253 false
2949 205,253 false
2950 205,253 false
2951 205,253 false
2952 205,253 false
2953 205,254 false
2954 205,254 false
2955 205,254 false
2956 205,254 false
2957 205,254 false
2958 205,254 false
2959 205,254 false
2960 205,254 false
2961 205,254 false
2962 205,254 false
2963 205,254 false
2964 205,254 false
2965 205,255 false
2966 205,255 false
2967 205,255 false
2968 205,255 false
2969 205,255 false
2970 205,255 false
2971 205,255 false
2972 205,255 false
2973 205,255 false
2974 205,255 false
2975 205,255 false
2976 205,255 false
2977 205,256 false
2978 205,256 false
2979 205,256 false
2980 205,256 false
2981 205,256 false
2982 205,256 false
2983 205,256 false
2984 205,256 false
2985 205,256 false
2986 205,256 false
2987 205,256 false
2988 205,256 false
2989 205,257 false
2990 205,257 false
2991 205,257 false
2992 205,257 false
2993 205,257 false
2994 205,257 false
2995 205,257 false
2996 205,257 false
2997 205,257 false
2998 205,257 false
2999 205,257 false
3000 205,257 false
3001 205,258 false
3002 205,258 false
3003 205,258 false
3004 205,258 false
3005 205,258 false
3006 205,258 false
3007 205,258 false
3008 205,258 false
3009 205,258 false
3010 205,258 false
3011 205,258 false
3012 205,258 false
3013 205,259 false
3014 205,259 false
3015 205,259 false
3016 205,259 false
3017 205,259 false
3018 205,259 false
3019 205,259 false
3020 205,259 false
3021 205,259 false
3022 205,259 false
3023 205,259 false
3024 205,259 false
3025 205,260 false
3026 205,260 false
3027 205,260 false
3028 205,260 false
3029 205,260 false
3030 205,260 false
3031 205,260 false
3032 205,260 false
3033 205,260 false
3034 205,260 false
3035 205,260 false
3036 205,260 false
3037 205,261 false
3038 205,261 false
3039 205,261 false
3040 205,261 false
3041 205,261 false
3042 205,261 false
3043 205,261 false
3044 205,261 false
3045 205,261 false
3046 205,261 false
3047 205,261 false
3048 205,261 false
3049 205,262 false
3050 205,262 false
3051 205,262 false
3052 205,262 false
3053 205,262 false
3054 205,262 false
3055 205,262 false
3056 205,262 false
3057 205,262 false
3058 205,262 false
3059 205,262 false
3060 205,262 false
3061 205,263 false
3062 205,263 false
3063 205,263 false
3064 205,263 false
3065 205,263 false
3066 205,263 false
3067 205,263 false
3068 205,263 false
3069 205,263 false
3070 205,263 false
3071 205,263 false
3072 205,263 false
3073 205,264 false
3074 205,264 false
3075 205,264 false
3076 205,264 false
3077 205,264 false
3078 205,264 false
3079 205,264 false
3080 205,264 false
3081 205,264 false
3082 205,264 false
3083 205,264 false
3084 205,264 false
3085 205,265 false
3086 205,265 false
3087 205,265 false
3088 205,265 false
3089 205,265 false
3090 205,265 false
3091 205,265 false
3092 205,265 false
3093 205,265 false
3094 205,265 false
3095 205,265 false
3096 205,265 false
3097 205,266 false
3098 205,266 false
3099 205,266 false
3100 205,266 false
3101 205,266 false
3102 205,266 false
3103 205,266 false
3104 205,266 false
3105 205,266 false
3106 205,266 false
3107 205,266 false
3108 205,266 false
3109 205,267 false
3110 205,267 false
3111 205,267 false
3112 205,267 false
3113 205,267 false
3114 205,267 false
3115 205,267 false
3116 205,267 false
3117 205,267 false
3118 205,267 false
3119 205,267 false
3120 205,267 false
3121 205,268 false
3122 205,268 false
3123 205,268 false
3124 205,268 false
3125 205,268 false
3126 205,268 false
3127 205,268 false
3128 205,268 false
3129 205,268 false
3130 205,268 false
3131 205,268 false
3132 205,268 false
3133 205,269 false
3134 205,269 false
3135 205,269 false
3136 205,269 false
3137 205,269 false
3138 205,269 false
3139 205,269 false
3140 205,269 false
3141 205,269 false
3142 205,269 false
3143 205,269 false
3144 205,269 false
3145 205,270 false
3146 205,270 false
3147 205,270 false
3148 205,270 false
3149 205,270 false
3150 205,270 false
3151 205,270 false
3152 205,270 false
3153 205,270 false
3154 205,270 false
3155 205,270 false
3156 205,270 false
3157 205,271 false
3158 205,271 false
3159 205,271 false
3160 205,271 false
3161 205,271 false
3162 205,271 false
3163 205,271 false
3164 205,271 false
3165 205,271 false
3166 205,271 false
3167 205,271 false
3168 205,271 false
3169 205,272 false
3170 205,272 false
3171 205,272 false
3172 205,272 false
3173 205,272 false
3174 205,272 false
3175 205,272 false
3176 205,272 false
3177 205,272 false
3178 205,272 false
3179 205,272 false
3180 205,272 false
3181 205,273 false
3182 205,273 false
3183 205,273 false
3184 205,273 false
3185 205,273 false
3186 205,273 false
3187 205,273 false
3188 205,273 false
3189 205,273 false
3190 205,273 false
3191 205,273 false
3192 205,273 false
3193 205,274 false
3194 205,274 false
3195 205,274 false
3196 205,274 false
3197 205,274 false
3198 205,274 false
3199 205,274 false
3200 205,274 false
3201 205,274 false
3202 205,274 false
3203 205,274 false
3204 205,274 false
3205 205,275 false
3206 205,275 false
3207 205,275 false
3208 205,275 false
3209 205,275 false
3210 205,275 false
3211 205,275 false
3212 205,275 false
3213 205,275 false
3214 205,275 false
3215 205,275 false
3216 205,275 false
3217 205,276 false
3218 205,276 false
3219 205,276 false
3220 205,276 false
3221 205,276 false
3222 205,276 false
3223 205,276 false
3224 205,276 false
3225 205,276 false
3226 205,276 false
3227 205,276 false
3228 205,276 false
3229 205,277 false
3230 205,277 false
3231 205,277 false
3232 205,277 false
3233 205,277 false
3234 205,277 false
3235 205,277 false
3236 205,277 false
3237 205,277 false
3238 205,277 false
3239 205,277 false
3240 205,277 false
3241 205,278 false
3242 205,278 false
3243 205,278 false
3244 205,278 false
3245 205,278 false
3246 205,278 false
3247 205,278 false
3248 205,278 false
3249 205,278 false
3250 205,278 false
3251 205,278 false
3252 205,278 false
3253 205,279 false
3254 205,279 false
3255 205,279 false
3256 205,279 false
3257 205,279 false
3258 205,279 false
3259 205,279 false
3260 205,279 false
3261 205,279 false
3262 205,279 false
3263 205,279 false
3264 205,279 false
3265 205,280 false
3266 205,280 false
3267 205,280 false
3268 205,280 false
3269 205,280 false
3270 205,280 false
3271 205,280 false
3272 205,280 false
3273 205,280 false
3274 205,280 false
3275 205,280 false
3276 205,280 false
3277 205,281 false
3278 205,281 false
3279 205,281 false
3280 205,281 false
3281 205,281 false
3282 205,281 false
3283 205,281 false
3284 205,281 false
3285 205,281 false
3286 205,281 false
3287 205,281 false
3288 205,281 false
3289 205,282 false
3290 205,282 false
3291 205,282 false
3292 205,282 false
3293 205,282 false
3294 205,282 false
3295 205,282 false
3296 205,282 false
3297 205,282 false
3298 205,282 false
3299 205,282 false
3300 205,282 false
3301 205,283 false
3302 205,283 false
3303 205,283 false
3304 205,283 false
3305 205,283 false
3306 205,283 false
3307 205,283 false
3308 205,283 false
3309 205,283 false
3310 205,283 false
3311 205,283 false
3312 205,283 false
3313 205,284 false
3314 205,284 false
3315 205,284 false
3316 205,284 false
3317 205,284 false
3318 205,284 false
3319 205,284 false
3320 205,284 false
3321 205,284 false
3322 205,284 false
3323 205,284 false
3324 205,284 false
3325 205,285 false
3326 205,285 false
3327 205,285 false
3328 205,285 false
3329 205,285 false
3330 205,285 false
3331 205,285 false
3332 205,285 false
3333 205,285 false
3334 205,285 false
3335 205,285 false
3336 205,285 false
3337 205,286 false
3338 205,286 false
3339 205,286 false
3340 205,286 false
3341 205,286 false
3342 205,286 false
3343 205,286 false
3344 205,286 false
3345 205,286 false
3346 205,286 false
3347 205,286 false
3348 205,286 false
3349 205,287 false
3350 205,287 false
3351 205,287 false
3352 205,287 false
3353 205,287 false
3354 205,287 false
3355 205,287 false
3356 205,287 false
3357 205,287 false
3358 205,287 false
3359 205,287 false
3360 205,287 false
3361 205,288 false
3362 205,288 false
3363 205,288 false
3364 205,288 false
3365 205,288 false
3366 205,288 false
3367 205,288 false
3368 205,288 false
3369 205,288 false
3370 205,288 false
3371 205,288 false
3372 205,288 false
3373 205,289 false
3374 205,289 false
3375 205,289 false
3376 205,289 false
3377 205,289 false
3378 205,289 false
3379 205,289 false
3380 205,289 false
3381 205,289 false
3382 205,289 false
3383 205,289 false
3384 205,289 false
3385 205,290 false
3386 205,290 false
3387 205,290 false
3388 205,290 false
3389 205,290 false
3390 205,290 false
3391 205,290 false
3392 205,290 false
3393 205,290 false
3394 205,290 false
3395 205,290 false
3396 205,290 false
3397 205,291 false
3398 205,291 false
3399 205,291 false
3400 205,291 false
3401 205,291 false
3402 205,291 false
3403 205,291 false
3404 205,291 false
3405 205,291 false
3406 205,291 false
3407 205,291 false
3408 205,291 false
3409 205,292 false
3410 205,292 false
3411 205,292 false
3412 205,292 false
3413 205,292 false
3414 205,292 false
3415 205,292 false
3416 205,292 false
3417 205,292 false
3418 205,292 false
3419 205,292 false
3420 205,292 false
3421 205,293 false
3422 205,293 false
3423 205,293 false
3424 205,293 false
3425 205,293 false
3426 205,293 false
3427 205,293 false
3428 205,293 false
3429 205,293 false
3430 205,293 false
3431 205,293 false
3432 205,293 false
3433 205,294 false
3434 205,294 false
3435 205,294 false
3436 205,294 false
3437 205,294 false
3438 205,294 false
3439 205,294 false
3440 205,294 false
3441 205,294 false
3442 205,294 false
3443 205,294 false
3444 205,294 false
3445 205,295 false
3446 205,295 false
3447 205,295 false
3448 205,295 false
3449 205,295 false
3450 205,295 false
3451 205,295 false
3452 205,295 false
3453 205,295 false
3454 205,295 false
3455 205,295 false
3456 205,295 false
3457 205,296 false
3458 205,296 false
3459 205,296 false
3460 205,296 false
3461 205,296 false
3462 205,296 false
3463 205,296 false
3464 205,296 false
3465 205,296 false
3466 205,296 false
3467 205,296 false
3468 205,296 false
3469 205,297 false
3470 205,297 false
3471 205,297 false
3472 205,297 false
3473 205,297 false
3474 205,297 false
3475 205,297 false
3476 205,297 false
3477 205,297 false
3478 205,297 false
3479 205,297 false
3480 205,297 false
3481 205,298 false
3482 205,298 false
3483 205,298 false
3484 205,298 false
3485 205,298 false
3486 205,298 false
3487 205,298 false
3488 205,298 false
3489 205,298 false
3490 205,298 false
3491 205,298 false
3492 205,298 false
3493 205,299 false
3494 205,299 false
3495 205,299 false
3496 205,299 false
3497 205,299 false
3498 205,299 false
3499 205,299 false
3500 205,299 false
3501 205,299 false
3502 205,299 false
3503 205,299 false
3504 205,299 false
3505 205,300 false
3506 205,300 false
3507 205,300 false
3508 205,300 false
3509 205,300 false
3510 205,300 false
3511 205,300 false
3512 205,300 false
3513 205,300 false
3514 205,300 false
3515 205,300 false
3516 205,300 false
3517 205,301 false
3518 205,301 false
3519 205,301 false
3520 205,301 false
3521 205,301 false
3522 205,301 false
3523 205,301 false
3524 205,301 false
3525 205,301 false
3526 205,301 false
3527 205,301 false
3528 205,301 false
3529 205,302 false
3530 205,302 false
3531 205,302 false
3532 205,302 false
3533 205,302 false
3534 205,302 false
3535 205,302 false
3536 205,302 false
3537 205,302 false
3538 205,302 false
3539 205,302 false
3540 205,302 false
3541 205,303 false
3542 205,303 false
3543 205,303 false
3544 205,303 false
3545 205,303 false
3546 205,303 false
3547 205,303 false
3548 205,303 false
3549 205,303 false
3550 205,303 false
3551 205,303 false
3552 205,303 false
3553 205,304 false
3554 205,304 false
3555 205,304 false
3556 205,304 false
3557 205,304 false
3558 205,304 false
3559 205,304 false
3560 205,304 false
3561 205,304 false
3562 205,304 false
3563 205,304 false
3564 205,304 false
3565 205,305 false
3566 205,305 false
3567 205,305 false
3568 205,305 false
3569 205,305 false
3570 205,305 false
3571 205,305 false
3572 205,305 false
3573 205,305 false
3574 205,305 false
3575 205,305 false
3576 205,305 false
3577 205,306 false
3578 205,306 false
3579 205,306 false
3580 205,306 false
3581 205,306 false
3582 205,306 false
3583 205,306 false
3584 205,306 false
3585 205,306 false
3586 205,306 false
3587 205,306 false
3588 205,306 false
3589 205,307 false
3590 205,307 false
3591 205,307 false
3592 205,307 false
3593 205,307 false
3594 205,307 false
3595 205,307 false
3596 205,307 false
3597 205,307 false
3598 205,307 false
3599 205,307 false
3600 205,307 false
3601 205,308 false
3602 205,308 false
3603 205,308 false
3604 205,308 false
3605 205,308 false
3606 205,308 false
3607 205,308 false
3608 205,308 false
3609 205,308 false
3610 205,308 false
3611 205,308 false
3612 205,308 false
3613 205,309 false
3614 205,309 false
3615 205,309 false
3616 205,309 false
3617 205,309 false
3618 205,309 false
3619 205,309 false
3620 205,309 false
3621 205,309 false
3622 205,309 false
3623 205,309 false
3624 205,309 false
3625 205,310 false
3626 205,310 false
3627 205,310 false
3628 205,310 false
3629 205,310 false
3630 205,310 false
3631 205,310 false
3632 205,310 false
3633 205,310 false
3634 205,310 false
3635 205,310 false
3636 205,310 false
3637 205,311 false
3638 205,311 false
3639 205,311 false
3640 205,311 false
3641 205,311 false
3642 205,311 false
3643 205,311 false
3644 205,311 false
3645 205,311 false
3646 205,311 false
3647 205,311 false
3648 205,311 false
3649 205,312 false
3650 205,312 false
3651 205,312 false
3652 205,312 false
3653 205,312 false
3654 205,312 false
3655 205,312 false
3656 205,312 false
3657 205,312 false
3658 205,312 false
3659 205,312 false
3660 205,312 false
3661 205,313 false
3662 205,313 false
3663 205,313 false
3664 205,313 false
3665 205,313 false
3666 205,313 false
3667 205,313 false
3668 205,313 false
3669 205,313 false
3670 205,313 false
3671 205,313 false
3672 205,313 false
3673 205,314 false
3674 205,314 false
3675 205,314 false
3676 205,314 false
3677 205,314 false
3678 205,314 false
3679 205,314 false
3680 205,314 false
3681 205,314 false
3682 205,314 false
3683 205,314 false
3684 205,314 false
3685 205,315 false
3686 205,315 false
3687 205,315 false
3688 205,315 false
3689 205,315 false
3690 205,315 false
3691 205,315 false
3692 205,315 false
3693 205,315 false
3694 205,315 false
3695 205,315 false
3696 205,315 false
3697 205,316 false
3698 205,316 false
3699 205,316 false
3700 205,316 false
3701 205,316 false
3702 205,316 false
3703 205,316 false
3704 205,316 false
3705 205,316 false
3706 205,316 false
3707 205,316 false
3708 205,316 false
3709 205,317 false
3710 205,317 false
3711 205,317 false
3712 205,317 false
3713 205,317 false
3714 205,317 false
3715 205,317 false
3716 205,317 false
3717 205,317 false
3718 205,317 false
3719 205,317 false
3720 205,317 false
3721 205,318 false
3722 205,318 false
3723 205,318 false
3724 205,318 false
3725 205,318 false
3726 205,318 false
3727 205,318 false
3728 205,318 false
3729 205,318 false
3730 205,318 false
3731 205,318 false
3732 205,318 false
3733 205,319 false
3734 205,319 false
3735 205,319 false
3736 205,319 false
3737 205,319 false
3738 205,319 false
3739 205,319 false
3740 205,319 false
3741 205,319 false
3742 205,319 false
3743 205,319 false
3744 205,319 false
3745 205,320 false
3746 205,320 false
3747 205,320 false
3748 205,320 false
3749 205,320 false
3750 205,320 false
3751 205,320 false
3752 205,320 false
3753 205,320 false
3754 205,320 false
3755 205,320 false
3756 205,320 false
3757 205,321 false
3758 205,321 false
3759 205,321 false
3760 205,321 false
3761 205,321 false
3762 205,321 false
3763 205,321 false
3764 205,321 false
3765 205,321 false
3766 205,321 false
3767 205,321 false
3768 205,321 false
3769 205,322 false
3770 205,322 false
3771 205,322 false
3772 205,322 false
3773 205,322 false
3774 205,322 false
3775 205,322 false
3776 205,322 false
3777 205,322 false
3778 205,322 false
3779 205,322 false
3780 205,322 false
3781 205,323 false
3782 205,323 false
3783 205,323 false
3784 205,323 false
3785 205,323 false
3786 205,323 false
3787 205,323 false
3788 205,323 false
3789 205,323 false
3790 205,323 false
3791 205,323 false
3792 205,323 false
3793 205,324 false
3794 205,324 false
3795 205,324 false
3796 205,324 false
3797 205,324 false
3798 205,324 false
3799 205,324 false
3800 205,324 false
3801 205,324 false
3802 205,324 false
3803 205,324 false
3804 205,324 false
3805 205,325 false
3806 205,325 false
3807 205,325 false
3808 205,325 false
3809 205,325 false
3810 205,325 false
3811 205,325 false
3812 205,325 false
3813 205,325 false
3814 205,325 false
3815 205,325 false
3816 205,325 false
3817 205,326 false
3818 205,326 false
3819 205,326 false
3820 205,326 false
3821 205,326 false
3822 205,326 false
3823 205,326 false
3824 205,326 false
3825 205,326 false
3826 205,326 false
3827 205,326 false
3828 205,326 false
3829 205,327 false
3830 205,327 false
3831 205,327 false
3832 205,327 false
3833 205,327 false
3834 205,327 false
3835 205,327 false
3836 205,327 false
3837 205,327 false
3838 205,327 false
3839 205,327 false
3840 205,327 false
3841 205,328 false
3842 205,328 false
3843 205,328 false
3844 205,328 false
3845 205,328 false
3846 205,328 false
3847 205,328 false
3848 205,328 false
3849 205,328 false
3850 205,328 false
3851 205,328 false
3852 205,328 false
3853 205,329 false
3854 205,329 false
3855 205,329 false
3856 205,329 false
3857 205,329 false
3858 205,329 false
3859 205,329 false
3860 205,329 false
3861 205,329 false
3862 205,329 false
3863 205,329 false
3864 205,329 false
3865 205,330 false
3866 205,330 false
3867 205,330 false
3868 205,330 false
3869 205,330 false
3870 205,330 false
3871 205,330 false
3872 205,330 false
3873 205,330 false
3874 205,330 false
3875 205,330 false
3876 205,330 false
3877 205,331 false
3878 205,331 false
3879 205,331 false
3880 205,331 false
3881 205,331 false
3882 205,331 false
3883 205,331 false
3884 205,331 false
3885 205,331 false
3886 205,331 false
3887 205,331 false
3888 205,331 false
3889 205,332 false
3890 205,332 false
3891 205,332 false
3892 205,332 false
3893 205,332 false
3894 205,332 false
3895 205,332 false
3896 205,332 false
3897 205,332 false
3898 205,332 false
3899 205,332 false
3900 205,332 false
3901 205,333 false
3902 205,333 false
3903 205,333 false
3904 205,333 false
3905 205,333 false
3906 205,333 false
3907 205,333 false
3908 205,333 false
3909 205,333 false
3910 205,333 false
3911 205,333 false
3912 205,333 false
3913 205,334 false
3914 205,334 false
3915 205,334 false
3916 205,334 false
3917 205,334 false
3918 205,334 false
3919 205,334 false
3920 205,334 false
3921 205,334 false
3922 205,334 false
3923 205,334 false
3924 205,334 false
3925 205,335 false
3926 205,335 false
3927 205,335 false
3928 205,335 false
3929 205,335 false
3930 205,335 false
3931 205,335 false
3932 205,335 false
3933 205,335 false
3934 205,335 false
3935 205,335 false
3936 205,335 false
3937 205,336 false
3938 205,336 false
3939 205,336 false
3940 205,336 false
3941 205,336 false
3942 205,336 false
3943 205,336 false
3944 205,336 false
3945 205,336 false
3946 205,336 false
3947 205,336 false
3948 205,336 false
3949 205,337 false
3950 205,337 false
3951 205,337 false
3952 205,337 false
3953 205,337 false
3954 205,337 false
3955 205,337 false
3956 205,337 false
3957 205,337 false
3958 205,337 false
3959 205,337 false
3960 205,337 false
3961 205,338 false
3962 205,338 false
3963 205,338 false
3964 205,338 false
3965 205,338 false
3966 205,338 false
3967 205,338 false
3968 205,338 false
3969 205,338 false
3970 205,338 false
3971 205,338 false
3972 205,338 false
3973 205,339 false
3974 205,339 false
3975 205,339 false
3976 205,339 false
3977 205,339 false
3978 205,339 false
3979 205,339 false
3980 205,339 false
3981 205,339 false
3982 205,339 false
3983 205,339 false
3984 205,339 false
3985 205,340 false
3986 205,340 false
3987 205,340 false
3988 205,340 false
3989 205,340 false
3990 205,340 false
3991 205,340 false
3992 205,340 false
3993 205,340 false
3994 205,340 false
3995 205,340 false
3996 205,340 false
3997 205,341 false
3998 205,341 false
3999 205,341 false
4000 205,341 false
4001 205,341 false
4002 205,341 false
4003 205,341 false
4004 205,341 false
4005 205,341 false
4006 205,341 false
4007 205,341 false
4008 205,341 false
4009 205,342 false
4010 205,342 false
4011 205,342 false
4012 205,342 false
4013 205,342 false
4014 205,342 false
4015 205,342 false
4016 205,342 false
4017 205,342 false
4018 205,342 false
4019 205,342 false
4020 205,342 false
4021 205,343 false
4022 205,343 false
4023 205,343 false
4024 205,343 false
4025 205,343 false
4026 205,343 false
4027 205,343 false
4028 205,343 false
4029 205,343 false
4030 205,343 false
4031 205,343 false
4032 205,343 false
4033 205,344 false
4034 205,344 false
4035 205,344 false
4036 205,344 false
4037 205,344 false
4038 205,344 false
4039 205,344 false
4040 205,344 false
4041 205,344 false
4042 205,344 false
4043 205,344 false
4044 205,344 false
4045 205,345 false
4046 205,345 false
4047 205,345 false
4048 205,345 false
4049 205,345 false
4050 205,345 false
4051 205,345 false
4052 205,345 false
4053 205,345 false
4054 205,345 false
4055 205,345 false
4056 205,345 false
4057 205,346 false
4058 205,346 false
4059 205,346 false
4060 205,346 false
4061 205,346 false
4062 205,346 false
4063 205,346 false
4064 205,346 false
4065 205,346 false
4066 205,346 false
4067 205,346 false
4068 205,346 false
4069 205,347 false
4070 205,347 false
4071 205,347 false
4072 205,347 false
4073 205,347 false
4074 205,347 false
4075 205,347 false
4076 205,347 false
4077 205,347 false
4078 205,347 false
4079 205,347 false
4080 205,347 false
4081 205,348 false
4082 205,348 false
4083 205,348 false
4084 205,348 false
4085 205,348 false
4086 205,348 false
4087 205,348 false
4088 205,348 false
4089 205,348 false
4090 205,348 false
4091 205,348 false
4092 205,348 false
4093 205,349 false
4094 205,349 false
4095 205,349 false
4096 205,349 false
4097 205,349 false
4098 205,349 false
4099 205,349 false
4100 205,349 false
4101 205,349 false
4102 205,349 false
4103 205,349 false
4104 205,349 false
4105 205,350 false
4106 205,350 false
4107 205,350 false
4108 205,350 false
4109 205,350 false
4110 205,350 false
4111 205,350 false
4112 205,350 false
4113 205,350 false
4114 205,350 false
4115 205,350 false
4116 205,350 false
4117 205,351 false
4118 205,351 false
4119 205,351 false
4120 205,351 false
4121 205,351 false
4122 205,351 false
4123 205,351 false
4124 205,351 false
4125 205,351 false
4126 205,351 false
4127 205,351 false
4128 205,351 false
4129 205,352 false
4130 205,352 false
4131 205,352 false
4132 205,352 false
4133 205,352 false
4134 205,352 false
4135 205,352 false
4136 205,352 false
4137 205,352 false
4138 205,352 false
4139 205,352 false
4140 205,352 false
4141 205,353 false
4142 205,353 false
4143 205,353 false
4144 205,353 false
4145 205,353 false
4146 205,353 false
4147 205,353 false
4148 205,353 false
4149 205,353 false
4150 205,353 false
4151 205,353 false
4152 205,353 false
4153 205,354 false
4154 205,354 false
4155 205,354 false
4156 205,354 false
4157 205,354 false
4158 205,354 false
4159 205,354 false
4160 205,354 false
4161 205,354 false
4162 205,354 false
4163 205,354 false
4164 205,354 false
4165 205,355 false
4166 205,355 false
4167 205,355 false
4168 205,355 false
4169 205,355 false
4170 205,355 false
4171 205,355 false
4172 205,355 false
4173 205,355 false
4174 205,355 false
4175 205,355 false
4176 205,355 false
4177 205,356 false
4178 205,356 false
4179 205,356 false
4180 205,356 false
4181 205,356 false
4182 205,356 false
4183 205,356 false
4184 205,356 false
4185 205,356 false
4186 205,356 false
4187 205,356 false
4188 205,356 false
4189 205,357 false
4190 205,357 false
4191 205,357 false
4192 205,357 false
4193 205,357 false
4194 205,357 false
4195 205,357 false
4196 205,357 false
4197 205,357 false
4198 205,357 false
4199 205,357 false
4200 205,357 false
4201 205,358 false
4202 205,358 false
4203 205,358 false
4204 205,358 false
4205 205,358 false
4206 205,358 false
4207 205,358 false
4208 205,358 false
4209 205,358 false
4210 205,358 false
4211 205,358 false
4212 205,358 false
4213 205,359 false
4214 205,359 false
4215 205,359 false
4216 205,359 false
4217 205,359 false
4218 205,359 false
4219 205,359 false
4220 205,359 false
4221 205,359 false
4222 205,359 false
4223 205,359 false
4224 205,359 false
4225 205,360 false
4226 205,360 false
4227 205,360 false
4228 205,360 false
4229 205,360 false
4230 205,360 false
4231 205,360 false
4232 205,360 false
4233 205,360 false
4234 205,360 false
4235 205,360 false
4236 205,360 false
4237 205,361 false
4238 205,361 false
4239 205,361 false
4240 205,361 false
4241 205,361 false
4242 205,361 false
4243 205,361 false
4244 205,361 false
4245 205,361 false
4246 205,361 false
4247 205,361 false
4248 205,361 false
4249 205,362 false
4250 205,362 false
4251 205,362 false
4252 205,362 false
4253 205,362 false
4254 205,362 false
4255 205,362 false
4256 205,362 false
4257 205,362 false
4258 205,362 false
4259 205,362 false
4260 205,362 false
4261 205,363 false
4262 205,363 false
4263 205,363 false
4264 205,363 false
4265 205,363 false
4266 205,363 false
4267 205,363 false
4268 205,363 false
4269 205,363 false
4270 205,363 false
4271 205,363 false
4272 205,363 false
4273 205,364 false
4274 205,364 false
4275 205,364 false
4276 205,364 false
4277 205,364 false
4278 205,364 false
4279 205,364 false
4280 205,364 false
4281 205,364 false
4282 205,364 false
4283 205,364 false
4284 205,364 false
4285 205,365 false
4286 205,365 false
4287 205,365 false
4288 205,365 false
4289 205,365 false
4290 205,365 false
4291 205,365 false
4292 205,365 false
4293 205,365 false
4294 205,365 false
4295 205,365 false
4296 205,365 false
4297 205,366 false
4298 205,366 false
4299 205,366 false
4300 205,366 false
4301 205,366 false
4302 205,366 false
4303 205,366 false
4304 205,366 false
4305 205,366 false
4306 205,366 false
4307 205,366 false
4308 205,366 false
4309 205,367 false
4310 205,367 false
4311 205,367 false
4312 205,367 false
4313 205,367 false
4314 205,367 false
4315 205,367 false
4316 205,367 false
4317 205,367 false
4318 205,367 false
4319 205,367 false
4320 205,367 false
4321 205,368 false
4322 205,368 false
4323 205,368 false
4324 205,368 false
4325 205,368 false
4326 205,368 false
4327 205,368 false
4328 205,368 false
4329 205,368 false
4330 205,368 false
4331 205,368 false
4332 205,368 false
4333 205,369 false
4334 205,369 false
4335 205,369 false
4336 205,369 false
4337 205,369 false
4338 205,369 false
4339 205,369 false
4340 205,369 false
4341 205,369 false
4342 205,369 false
4343 205,369 false
4344 205,369 false
4345 205,370 false
4346 205,370 false
4347 205,370 false
4348 205,370 false
4349 205,370 false
4350 205,370 false
4351 205,370 false
4352 205,370 false
4353 205,370 false
4354 205,370 false
4355 205,370 false
4356 205,370 false
4357 205,371 false
4358 205,371 false
4359 205,371 false
4360 205,371 false
4361 205,371 false
4362 205,371 false
4363 205,371 false
4364 205,371 false
4365 205,371 false
4366 205,371 false
4367 205,371 false
4368 205,371 false
4369 205,372 false
4370 205,372 false
4371 205,372 false
4372 205,372 false
4373 205,372 false
4374 205,372 false
4375 205,372 false
4376 205,372 false
4377 205,372 false
4378 205,372 false
4379 205,372 false
4380 205,372 false
4381 205,373 false
4382 205,373 false
4383 205,373 false
4384 205,373 false
4385 205,373 false
4386 205,373 false
4387 205,373 false
4388 205,373 false
4389 205,373 false
4390 205,373 false
4391 205,373 false
4392 205,373 false
4393 205,374 false
4394 205,374 false
4395 205,374 false
4396 205,374 false
4397 205,374 false
4398 205,374 false
4399 205,374 false
4400 205,374 false
4401 205,374 false
4402 205,374 false
4403 205,374 false
4404 205,374 false
4405 205,375 false
4406 205,375 false
4407 205,375 false
4408 205,375 false
4409 205,375 false
4410 205,375 false
4411 205,375 false
4412 205,375 false
4413 205,375 false
4414 205,375 false
4415 205,375 false
4416 205,375 false
4417 205,376 false
4418 205,376 false
4419 205,376 false
4420 205,376 false
4421 205,376 false
4422 205,376 false
4423 205,376 false
4424 205,376 false
4425 205,376 false
4426 205,376 false
4427 205,376 false
4428 205,376 false
4429 205,377 false
4430 205,377 false
4431 205,377 false
4432 205,377 false
4433 205,377 false
4434 205,377 false
4435 205,377 false
4436 205,377 false
4437 205,377 false
4438 205,377 false
4439 205,377 false
4440 205,377 false
4441 205,378 false
4442 205,378 false
4443 205,378 false
4444 205,378 false
4445 205,378 false
4446 205,378 false
4447 205,378 false
4448 205,378 false
4449 205,378 false
4450 205,378 false
4451 205,378 false
4452 205,378 false
4453 205,379 false
4454 205,379 false
4455 205,379 false
4456 205,379 false
4457 205,379 false
4458 205,379 false
4459 205,379 false
4460 205,379 false
4461 205,379 false
4462 205,379 false
4463 205,379 false
4464 205,379 false
4465 205,380 false
4466 205,380 false
4467 205,380 false
4468 205,380 false
4469 205,380 false
4470 205,380 false
4471 205,380 false
4472 205,380 false
4473 205,380 false
4474 205,380 false
4475 205,380 false
4476 205,380 false
4477 205,381 false
4478 205,381 false
4479 205,381 false
4480 205,381 false
4481 205,381 false
4482 205,381 false
4483 205,381 false
4484 205,381 false
4485 205,381 false
4486 205,381 false
4487 205,381 false
4488 205,381 false
4489 205,382 false
4490 205,382 false
4491 205,382 false
4492 205,382 false
4493 205,382 false
4494 205,382 false
4495 205,382 false
4496 205,382 false
4497 205,382 false
4498 205,382 false
4499 205,382 false
4500 205,382 false
4501 205,383 false
4502 205,383 false
4503 205,383 false
4504 205,383 false
4505 205,383 false
4506 205,383 false
4507 205,383 false
4508 205,383 false
4509 205,383 false
4510 205,383 false
4511 205,383 false
4512 205,383 false
4513 205,384 false
4514 205,384 false
4515 205,384 false
4516 205,384 false
4517 205,384 false
4518 205,384 false
4519 205,384 false
4520 205,384 false
4521 205,384 false
4522 205,384 false
4523 205,384 false
4524 205,384 false
4525 205,385 false
4526 205,385 false
4527 205,385 false
4528 205,385 false
4529 205,385 false
4530 205,385 false
4531 205,385 false
4532 205,385 false
4533 205,385 false
4534 205,385 false
4535 205,385 false
4536 205,385 false
4537 205,386 false
4538 205,386 false
4539 205,386 false
4540 205,386 false
4541 205,386 false
4542 205,386 false
4543 205,386 false
4544 205,386 false
4545 205,386 false
4546 205,386 false
4547 205,386 false
4548 205,386 false
4549 205,387 false
4550 205,387 false
4551 205,387 false
4552 205,387 false
4553 205,387 false
4554 205,387 false
4555 205,387 false
4556 205,387 false
4557 205,387 false
4558 205,387 false
4559 205,387 false
4560 205,387 false
4561 205,388 false
4562 205,388 false
4563 205,388 false
4564 205,388 false
4565 205,388 false
4566 205,388 false
4567 205,388 false
4568 205,388 false
4569 205,388 false
4570 205,388 false
4571 205,388 false
4572 205,388 false
4573 205,389 false
4574 205,389 false
4575 205,389 false
4576 205,389 false
4577 205,389 false
4578 205,389 false
4579 205,389 false
4580 205,389 false
4581 205,389 false
4582 205,389 false
4583 205,389 false
4584 205,389 false
4585 205,390 false
4586 205,390 false
4587 205,390 false
4588 205,390 false
4589 205,390 false
4590 205,390 false
4591 205,390 false
4592 205,390 false
4593 205,390 false
4594 205,390 false
4595 205,390 false
4596 205,390 false
4597 205,391 false
4598 205,391 false
4599 205,391 false
4600 205,391 false
4601 205,391 false
4602 205,391 false
4603 205,391 false
4604 205,391 false
4605 205,391 false
4606 205,391 false
4607 205,391 false
4608 205,391 false
4609 205,392 false
4610 205,392 false
4611 205,392 false
4612 205,392 false
4613 205,392 false
4614 205,392 false
4615 205,392 false
4616 205,392 false
4617 205,392 false
4618 205,392 false
4619 205,392 false
4620 205,392 false
4621 205,393 false
4622 205,393 false
4623 205,393 false
4624 205,393 false
4625 205,393 false
4626 205,393 false
4627 205,393 false
4628 205,393 false
4629 205,393 false
4630 205,393 false
4631 205,393 false
4632 205,393 false
4633 205,394 false
4634 205,394 false
4635 205,394 false
4636 205,394 false
4637 205,394 false
4638 205,394 false
4639 205,394 false
4640 205,394 false
4641 205,394 false
4642 205,394 false
4643 205,394 false
4644 205,394 false
4645 205,395 false
4646 205,395 false
4647 205,395 false
4648 205,395 false
4649 205,395 false
4650 205,395 false
4651 205,395 false
4652 205,395 false
4653 205,395 false
4654 205,395 false
4655 205,395 false
4656 205,395 false
4657 205,396 false
4658 205,396 false
4659 205,396 false
4660 205,396 false
4661 205,396 false
4662 205,396 false
4663 205,396 false
4664 205,396 false
4665 205,396 false
4666 205,396 false
4667 205,396 false
4668 205,396 false
4669 205,397 false
4670 205,397 false
4671 205,397 false
4672 205,397 false
4673 205,397 false
4674 205,397 false
4675 205,397 false
4676 205,397 false
4677 205,397 false
4678 205,397 false
4679 205,397 false
4680 205,397 false
4681 205,398 false
4682 205,398 false
4683 205,398 false
4684 205,398 false
4685 205,398 false
4686 205,398 false
4687 205,398 false
4688 205,398 false
4689 205,398 false
4690 205,398 false
4691 205,398 false
4692 205,398 false
4693 205,399 false
4694 205,399 false
4695 205,399 false
4696 205,399 false
4697 205,399 false
4698 205,399 false
4699 205,399 false
4700 205,399 false
4701 205,399 false
4702 205,399 false
4703 205,399 false
4704 205,399 false
4705 205,400 false
4706 205,400 false
4707 205,400 false
4708 205,400 false
4709 205,400 false
4710 205,400 false
4711 205,400 false
4712 205,400 false
4713 205,400 false
4714 205,400 false
4715 205,400 false
4716 205,400 false
4717 205,401 false
4718 205,401 false
4719 205,401 false
4720 205,401 false
4721 205,401 false
4722 205,401 false
4723 205,401 false
4724 205,401 false
4725 205,401 false
4726 205,401 false
4727 205,401 false
4728 205,401 false
4729 205,402 false
4730 205,402 false
4731 205,402 false
4732 205,402 false
4733 205,402 false
4734 205,402 false
4735 205,402 false
4736 205,402 false
4737 205,402 false
4738 205,402 false
4739 205,402 false
4740 205,402 false
4741 205,403 false
4742 205,403 false
4743 205,403 false
4744 205,403 false
4745 205,403 false
4746 205,403 false
4747 205,403 false
4748 205,403 false
4749 205,403 false
4750 205,403 false
4751 205,403 false
4752 205,403 false
4753 205,404 false
4754 205,404 false
4755 205,404 false
4756 205,404 false
4757 205,404 false
4758 205,404 false
4759 205,404 false
4760 205,404 false
4761 205,404 false
4762 205,404 false
4763 205,404 false
4764 205,404 false
4765 205,405 false
4766 205,405 false
4767 205,405 false
4768 205,405 false
4769 205,405 false
4770 205,405 false
4771 205,405 false
4772 205,405 false
4773 205,405 false
4774 205,405 false
4775 205,405 false
4776 205,405 false
4777 205,406 false
4778 205,406 false
4779 205,406 false
4780 205,406 false
4781 205,406 false
4782 205,406 false
4783 205,406 false
4784 205,406 false
4785 205,406 false
4786 205,406 false
4787 205,406 false
4788 205,406 false
4789 205,407 false
4790 205,407 false
4791 205,407 false
4792 205,407 false
4793 205,407 false
4794 205,407 false
4795 205,407 false
4796 205,407 false
4797 205,407 false
4798 205,407 false
4799 205,407 false
4800 205,407 false
4801 205,408 false
4802 205,408 false
4803 205,408 false
4804 205,408 false
4805 205,408 false
4806 205,408 false
4807 205,408 false
4808 205,408 false
4809 205,408 false
4810 205,408 false
4811 205,408 false
4812 205,408 false
4813 205,409 false
4814 205,409 false
4815 205,409 false
4816 205,409 false
4817 205,409 false
4818 205,409 false
4819 205,409 false
4820 205,409 false
4821 205,409 false
4822 205,409 false
4823 205,409 false
4824 205,409 false
4825 205,410 false
4826 205,410 false
4827 205,410 false
4828 205,410 false
4829 205,410 false
4830 205,410 false
4831 205,410 false
4832 205,410 false
4833 205,410 false
4834 205,410 false
4835 205,410 false
4836 205,410 false
4837 205,411 false
4838 205,411 false
4839 205,411 false
4840 205,411 false
4841 205,411 false
4842 205,411 false
4843 205,411 false
4844 205,411 false
4845 205,411 false
4846 205,411 false
4847 205,411 false
4848 205,411 false
4849 205,412 false
4850 205,412 false
4851 205,412 false
4852 205,412 false
4853 205,412 false
4854 205,412 false
4855 205,412 false
4856 205,412 false
4857 205,412 false
4858 205,412 false
4859 205,412 false
4860 205,412 false
4861 205,413 false
4862 205,413 false
4863 205,413 false
4864 205,413 false
4865 205,413 false
4866 205,413 false
4867 205,413 false
4868 205,413 false
4869 205,413 false
4870 205,413 false
4871 205,413 false
4872 205,413 false
4873 205,414 false
4874 205,414 false
4875 205,414 false
4876 205,414 false
4877 205,414 false
4878 205,414 false
4879 205,414 false
4880 205,414 false
4881 205,414 false
4882 205,414 false
4883 205,414 false
4884 205,414 false
4885 205,415 false
4886 205,415 false
4887 205,415 false
4888 205,415 false
4889 205,415 false
4890 205,415 false
4891 205,415 false
4892 205,415 false
4893 205,415 false
4894 205,415 false
4895 205,415 false
4896 205,415 false
4897 205,416 false
4898 205,416 false
4899 205,416 false
4900 205,416 false
4901 205,416 false
4902 205,416 false
4903 205,416 false
4904 205,416 false
4905 205,416 false
4906 205,416 false
4907 205,416 false
4908 205,416 false
4909 205,417 false
4910 205,417 false
4911 205,417 false
4912 205,417 false
4913 205,417 false
4914 205,417 false
4915 205,417 false
4916 205,417 false
4917 205,417 false
4918 205,417 false
4919 205,417 false
4920 205,417 false
4921 205,418 false
4922 205,418 false
4923 205,418 false
4924 205,418 false
4925 205,418 false
4926 205,418 false
4927 205,418 false
4928 205,418 false
4929 205,418 false
4930 205,418 false
4931 205,418 false
4932 205,418 false
4933 205,419 false
4934 205,419 false
4935 205,419 false
4936 205,419 false
4937 205,419 false
4938 205,419 false
4939 205,419 false
4940 205,419 false
4941 205,419 false
4942 205,419 false
4943 205,419 false
4944 205,419 false
4945 205,420 false
4946 205,420 false
4947 205,420 false
4948 205,420 false
4949 205,420 false
4950 205,420 false
4951 205,420 false
4952 205,420 false
4953 205,420 false
4954 205,420 false
4955 205,420 false
4956 205,420 false
4957 205,421 false
4958 205,421 false
4959 205,421 false
4960 205,421 false
4961 205,421 false
4962 205,421 false
4963 205,421 false
4964 205,421 false
4965 205,421 false
4966 205,421 false
4967 205,421 false
4968 205,421 false
4969 205,422 false
4970 205,422 false
4971 205,422 false
4972 205,422 false
4973 205,422 false
4974 205,422 false
4975 205,422 false
4976 205,422 false
4977 205,422 false
4978 205,422 false
4979 205,422 false
4980 205,422 false
4981 205,423 false
4982 205,423 false
4983 205,423 false
4984 205,423 false
4985 205,423 false
4986 205,423 false
4987 205,423 false
4988 205,423 false
4989 205,423 false
4990 205,423 false
4991 205,423 false
4992 205,423 false
4993 205,424 false
4994 205,424 false
4995 205,424 false
4996 205,424 false
4997 205,424 false
4998 205,424 false
4999 205,424 false
5000 205,424 false
5001 205,424 false
5002 205,424 false
5003 205,424 false
5004 205,424 false
