5088
1 102,1 true
2 102,1 true
3 102,1 true
4 102,1 true
5 102,1 true
6 102,1 true
7 102,1 true
8 102,1 true
9 102,1 true
10 102,1 true
11 102,1 true
12 102,1 true
13 102,2 true
14 102,2 true
15 102,2 true
16 102,2 true
17 102,2 true
18 102,2 true
19 102,2 true
20 102,2 true
21 102,2 true
22 102,2 true
23 102,2 true
24 102,2 true
25 102,3 true
26 102,3 true
27 102,3 true
28 102,3 true
29 102,3 true
30 102,3 true
31 102,3 true
32 102,3 true
33 102,3 true
34 102,3 true
35 102,3 true
36 102,3 true
37 102,4 true
38 102,4 true
39 102,4 true
40 102,4 true
41 102,4 true
42 102,4 true
43 102,4 true
44 102,4 true
45 102,4 true
46 102,4 true
47 102,4 true
48 102,4 true
49 102,5 true
50 102,5 true
51 102,5 true
52 102,5 true
53 102,5 true
54 102,5 true
55 102,5 true
56 102,5 true
57 102,5 true
58 102,5 true
59 102,5 true
60 102,5 true
61 102,6 true
62 102,6 true
63 102,6 true
64 102,6 true
65 102,6 true
66 102,6 true
67 102,6 true
68 102,6 true
69 102,6 true
70 102,6 true
71 102,6 true
72 102,6 true
73 102,7 true
74 102,7 true
75 102,7 true
76 102,7 true
77 102,7 true
78 102,7 true
79 102,7 true
80 102,7 true
81 102,7 true
82 102,7 true
83 102,7 true
84 102,7 true
85 102,8 true
86 102,8 true
87 102,8 true
88 102,8 true
89 102,8 true
90 102,8 true
91 102,8 true
92 102,8 true
93 102,8 true
94 102,8 true
95 102,8 true
96 102,8 true
97 102,9 true
98 102,9 true
99 102,9 true
100 102,9 true
101 102,9 true
102 102,9 true
103 102,9 true
104 102,9 true
105 102,9 true
106 102,9 true
107 102,9 true
108 102,9 true
109 102,10 true
110 102,10 true
111 102,10 true
112 102,10 true
113 102,10 true
114 102,10 true
115 102,10 true
116 102,10 true
117 102,10 true
118 102,10 true
119 102,10 true
120 102,10 true
121 102,11 true
122 102,11 true
123 102,11 true
124 102,11 true
125 102,11 true
126 102,11 true
127 102,11 true
128 102,11 true
129 102,11 true
130 102,11 true
131 102,11 true
132 102,11 true
133 102,12 true
134 102,12 true
135 102,12 true
136 102,12 true
137 102,12 true
138 102,12 true
139 102,12 true
140 102,12 true
141 102,12 true
142 102,12 true
143 102,12 true
144 102,12 true
145 102,13 true
146 102,13 true
147 102,13 true
148 102,13 true
149 102,13 true
150 102,13 true
151 102,13 true
152 102,13 true
153 102,13 true
154 102,13 true
155 102,13 true
156 102,13 true
157 102,14 true
158 102,14 true
159 102,14 true
160 102,14 true
161 102,14 true
162 102,14 true
163 102,14 true
164 102,14 true
165 102,14 true
166 102,14 true
167 102,14 true
168 102,14 true
169 102,15 true
170 102,15 true
171 102,15 true
172 102,15 true
173 102,15 true
174 102,15 true
175 102,15 true
176 102,15 true
177 102,15 true
178 102,15 true
179 102,15 true
180 102,15 true
181 102,16 true
182 102,16 true
183 102,16 true
184 102,16 true
185 102,16 true
186 102,16 true
187 102,16 true
188 102,16 true
189 102,16 true
190 102,16 true
191 102,16 true
192 102,16 true
193 102,17 true
194 102,17 true
195 102,17 true
196 102,17 true
197 102,17 true
198 102,17 true
199 102,17 true
200 102,17 true
201 102,17 true
202 102,17 true
203 102,17 true
204 102,17 true
205 102,18 true
206 102,18 true
207 102,18 true
208 102,18 true
209 102,18 true
210 102,18 true
211 102,18 true
212 102,18 true
213 102,18 true
214 102,18 true
215 102,18 true
216 102,18 true
217 102,19 true
218 102,19 true
219 102,19 true
220 102,19 true
221 102,19 true
222 102,19 true
223 102,19 true
224 102,19 true
225 102,19 true
226 102,19 true
227 102,19 true
228 102,19 true
229 102,20 true
230 102,20 true
231 102,20 true
232 102,20 true
233 102,20 true
234 102,20 true
235 102,20 true
236 102,20 true
237 102,20 true
238 102,20 true
239 102,20 true
240 102,20 true
241 102,21 true
242 102,21 true
243 102,21 true
244 102,21 true
245 102,21 true
246 102,21 true
247 102,21 true
248 102,21 true
249 102,21 true
250 102,21 true
251 102,21 true
252 102,21 true
253 102,22 true
254 102,22 true
255 102,22 true
256 102,22 true
257 102,22 true
258 102,22 true
259 102,22 true
260 102,22 true
261 102,22 true
262 102,22 true
263 102,22 true
264 102,22 true
265 102,23 true
266 102,23 true
267 102,23 true
268 102,23 true
269 102,23 true
270 102,23 true
271 102,23 true
272 102,23 true
273 102,23 true
274 102,23 true
275 102,23 true
276 102,23 true
277 102,24 true
278 102,24 true
279 102,24 true
280 102,24 true
281 102,24 true
282 102,24 true
283 102,24 true
284 102,24 true
285 102,24 true
286 102,24 true
287 102,24 true
288 102,24 false
289 102,25 false
290 102,25 false
291 102,25 false
292 102,25 false
293 102,25 false
294 102,25 false
295 102,25 false
296 102,25 false
297 102,25 false
298 102,25 false
299 102,25 false
300 102,25 false
301 102,26 false
302 102,26 false
303 102,26 false
304 102,26 false
305 102,26 false
306 102,26 false
307 102,26 false
308 102,26 false
309 102,26 false
310 102,26 false
311 102,26 false
312 102,26 false
313 102,27 false
314 102,27 false
315 102,27 false
316 102,27 false
317 102,27 false
318 102,27 false
319 102,27 false
320 102,27 false
321 102,27 false
322 102,27 false
323 102,27 false
324 102,27 false
325 102,28 false
326 102,28 false
327 102,28 false
328 102,28 false
329 102,28 false
330 102,28 false
331 102,28 false
332 102,28 false
333 102,28 false
334 102,28 false
335 102,28 false
336 102,28 false
337 102,29 false
338 102,29 false
339 102,29 false
340 102,29 false
341 102,29 false
342 102,29 false
343 102,29 false
344 102,29 false
345 102,29 false
346 102,29 false
347 102,29 false
348 102,29 false
349 102,30 false
350 102,30 false
351 102,30 false
352 102,30 false
353 102,30 false
354 102,30 false
355 102,30 false
356 102,30 false
357 102,30 false
358 102,30 false
359 102,30 false
360 102,30 false
361 102,31 false
362 102,31 false
363 102,31 false
364 102,31 false
365 102,31 false
366 102,31 false
367 102,31 false
368 102,31 false
369 102,31 false
370 102,31 false
371 102,31 false
372 102,31 false
373 102,32 false
374 102,32 false
375 102,32 false
376 102,32 false
377 102,32 false
378 102,32 false
379 102,32 false
380 102,32 false
381 102,32 false
382 102,32 false
383 102,32 false
384 102,32 false
385 102,33 false
386 102,33 false
387 102,33 false
388 102,33 false
389 102,33 false
390 102,33 false
391 102,33 false
392 102,33 false
393 102,33 false
394 102,33 false
395 102,33 false
396 102,33 false
397 102,34 false
398 102,34 false
399 102,34 false
400 102,34 false
401 102,34 false
402 102,34 false
403 102,34 false
404 102,34 false
405 102,34 false
406 102,34 false
407 102,34 false
408 102,34 false
409 102,35 false
410 102,35 false
411 102,35 false
412 102,35 false
413 102,35 false
414 102,35 false
415 102,35 false
416 102,35 false
417 102,35 false
418 102,35 false
419 102,35 false
420 102,35 false
421 102,36 false
422 102,36 false
423 102,36 false
424 102,36 false
425 102,36 false
426 102,36 false
427 102,36 false
428 102,36 false
429 102,36 false
430 102,36 false
431 102,36 false
432 102,36 false
433 102,37 false
434 102,37 false
435 102,37 false
436 102,37 false
437 102,37 false
438 102,37 false
439 102,37 false
440 102,37 false
441 102,37 false
442 102,37 false
443 102,37 false
444 102,37 false
445 102,38 false
446 102,38 false
447 102,38 false
448 102,38 false
449 102,38 false
450 102,38 false
451 102,38 false
452 102,38 false
453 102,38 false
454 102,38 false
455 102,38 false
456 102,38 false
457 102,39 false
458 102,39 false
459 102,39 false
460 102,39 false
461 102,39 false
462 102,39 false
463 102,39 false
464 102,39 false
465 102,39 false
466 102,39 false
467 102,39 false
468 102,39 false
469 102,40 false
470 102,40 false
471 102,40 false
472 102,40 false
473 102,40 false
474 102,40 false
475 102,40 false
476 102,40 false
477 102,40 false
478 102,40 false
479 102,40 false
480 102,40 false
481 102,41 false
482 102,41 false
483 102,41 false
484 102,41 false
485 102,41 false
486 102,41 false
487 102,41 false
488 102,41 false
489 102,41 false
490 102,41 false
491 102,41 false
492 102,41 false
493 102,42 false
494 102,42 false
495 102,42 false
496 102,42 false
497 102,42 false
498 102,42 false
499 102,42 false
500 102,42 false
501 102,42 false
502 102,42 false
503 102,42 false
504 102,42 false
505 102,43 false
506 102,43 false
507 102,43 false
508 102,43 false
509 102,43 false
510 102,43 false
511 102,43 false
512 102,43 false
513 102,43 false
514 102,43 false
515 102,43 false
516 102,43 false
517 102,44 false
518 102,44 false
519 102,44 false
520 102,44 false
521 102,44 false
522 102,44 false
523 102,44 false
524 102,44 false
525 102,44 false
526 102,44 false
527 102,44 false
528 102,44 false
529 102,45 false
530 102,45 false
531 102,45 false
532 102,45 false
533 102,45 false
534 102,45 false
535 102,45 false
536 102,45 false
537 102,45 false
538 102,45 false
539 102,45 false
540 102,45 false
541 102,46 false
542 102,46 false
543 102,46 false
544 102,46 false
545 102,46 false
546 102,46 false
547 102,46 false
548 102,46 false
549 102,46 false
550 102,46 false
551 102,46 false
552 102,46 false
553 102,47 false
554 102,47 false
555 102,47 false
556 102,47 false
557 102,47 false
558 102,47 false
559 102,47 false
560 102,47 false
561 102,47 false
562 102,47 false
563 102,47 false
564 102,47 false
565 102,48 false
566 102,48 false
567 102,48 false
568 102,48 false
569 102,48 false
570 102,48 false
571 102,48 false
572 102,48 false
573 102,48 false
574 102,48 false
575 102,48 false
576 102,48 false
577 102,49 false
578 102,49 false
579 102,49 false
580 102,49 false
581 102,49 false
582 102,49 false
583 102,49 false
584 102,49 false
585 102,49 false
586 102,49 false
587 102,49 false
588 102,49 false
589 102,50 false
590 102,50 false
591 102,50 false
592 102,50 false
593 102,50 false
594 102,50 false
595 102,50 false
596 102,50 false
597 102,50 false
598 102,50 false
599 102,50 false
600 102,50 false
601 102,51 false
602 102,51 false
603 102,51 false
604 102,51 false
605 102,51 false
606 102,51 false
607 102,51 false
608 102,51 false
609 102,51 false
610 102,51 false
611 102,51 false
612 102,51 false
613 102,52 false
614 102,52 false
615 102,52 false
616 102,52 false
617 102,52 false
618 102,52 false
619 102,52 false
620 102,52 false
621 102,52 false
622 102,52 false
623 102,52 false
624 102,52 false
625 102,53 false
626 102,53 false
627 102,53 false
628 102,53 false
629 102,53 false
630 102,53 false
631 102,53 false
632 102,53 false
633 102,53 false
634 102,53 false
635 102,53 false
636 102,53 false
637 102,54 false
638 102,54 false
639 102,54 false
640 102,54 false
641 102,54 false
642 102,54 false
643 102,54 false
644 102,54 false
645 102,54 false
646 102,54 false
647 102,54 false
648 102,54 false
649 102,55 false
650 102,55 false
651 102,55 false
652 102,55 false
653 102,55 false
654 102,55 false
655 102,55 false
656 102,55 false
657 102,55 false
658 102,55 false
659 102,55 false
660 102,55 false
661 102,56 false
662 102,56 false
663 102,56 false
664 102,56 false
665 102,56 false
666 102,56 false
667 102,56 false
668 102,56 false
669 102,56 false
670 102,56 false
671 102,56 false
672 102,56 false
673 102,57 false
674 102,57 false
675 102,57 false
676 102,57 false
677 102,57 false
678 102,57 false
679 102,57 false
680 102,57 false
681 102,57 false
682 102,57 false
683 102,57 false
684 102,57 false
685 102,58 false
686 102,58 false
687 102,58 false
688 102,58 false
689 102,58 false
690 102,58 false
691 102,58 false
692 102,58 false
693 102,58 false
694 102,58 false
695 102,58 false
696 102,58 false
697 102,59 false
698 102,59 false
699 102,59 false
700 102,59 false
701 102,59 false
702 102,59 false
703 102,59 false
704 102,59 false
705 102,59 false
706 102,59 false
707 102,59 false
708 102,59 false
709 102,60 false
710 102,60 false
711 102,60 false
712 102,60 false
713 102,60 false
714 102,60 false
715 102,60 false
716 102,60 false
717 102,60 false
718 102,60 false
719 102,60 false
720 102,60 false
721 102,61 false
722 102,61 false
723 102,61 false
724 102,61 false
725 102,61 false
726 102,61 false
727 102,61 false
728 102,61 false
729 102,61 false
730 102,61 false
731 102,61 false
732 102,61 false
733 102,62 false
734 102,62 false
735 102,62 false
736 102,62 false
737 102,62 false
738 102,62 false
739 102,62 false
740 102,62 false
741 102,62 false
742 102,62 false
743 102,62 false
744 102,62 false
745 102,63 false
746 102,63 false
747 102,63 false
748 102,63 false
749 102,63 false
750 102,63 false
751 102,63 false
752 102,63 false
753 102,63 false
754 102,63 false
755 102,63 false
756 102,63 false
757 102,64 false
758 102,64 false
759 102,64 false
760 102,64 false
761 102,64 false
762 102,64 false
763 102,64 false
764 102,64 false
765 102,64 false
766 102,64 false
767 102,64 false
768 102,64 false
769 102,65 false
770 102,65 false
771 102,65 false
772 102,65 false
773 102,65 false
774 102,65 false
775 102,65 false
776 102,65 false
777 102,65 false
778 102,65 false
779 102,65 false
780 102,65 false
781 102,66 false
782 102,66 false
783 102,66 false
784 102,66 false
785 102,66 false
786 102,66 false
787 102,66 false
788 102,66 false
789 102,66 false
790 102,66 false
791 102,66 false
792 102,66 false
793 102,67 false
794 102,67 false
795 102,67 false
796 102,67 false
797 102,67 false
798 102,67 false
799 102,67 false
800 102,67 false
801 102,67 false
802 102,67 false
803 102,67 false
804 102,67 false
805 102,68 false
806 102,68 false
807 102,68 false
808 102,68 false
809 102,68 false
810 102,68 false
811 102,68 false
812 102,68 false
813 102,68 false
814 102,68 false
815 102,68 false
816 102,68 false
817 102,69 false
818 102,69 false
819 102,69 false
820 102,69 false
821 102,69 false
822 102,69 false
823 102,69 false
824 102,69 false
825 102,69 false
826 102,69 false
827 102,69 false
828 102,69 false
829 102,70 false
830 102,70 false
831 102,70 false
832 102,70 false
833 102,70 false
834 102,70 false
835 102,70 false
836 102,70 false
837 102,70 false
838 102,70 false
839 102,70 false
840 102,70 false
841 102,71 false
842 102,71 false
843 102,71 false
844 102,71 false
845 102,71 false
846 102,71 false
847 102,71 false
848 102,71 false
849 102,71 false
850 102,71 false
851 102,71 false
852 102,71 false
853 102,72 false
854 102,72 false
855 102,72 false
856 102,72 false
857 102,72 false
858 102,72 false
859 102,72 false
860 102,72 false
861 102,72 false
862 102,72 false
863 102,72 false
864 102,72 false
865 102,73 false
866 102,73 false
867 102,73 false
868 102,73 false
869 102,73 false
870 102,73 false
871 102,73 false
872 102,73 false
873 102,73 false
874 102,73 false
875 102,73 false
876 102,73 false
877 102,74 false
878 102,74 false
879 102,74 false
880 102,74 false
881 102,74 false
882 102,74 false
883 102,74 false
884 102,74 false
885 102,74 false
886 102,74 false
887 102,74 false
888 102,74 false
889 102,75 false
890 102,75 false
891 102,75 false
892 102,75 false
893 102,75 false
894 102,75 false
895 102,75 false
896 102,75 false
897 102,75 false
898 102,75 false
899 102,75 false
900 102,75 false
901 102,76 false
902 102,76 false
903 102,76 false
904 102,76 false
905 102,76 false
906 102,76 false
907 102,76 false
908 102,76 false
909 102,76 false
910 102,76 false
911 102,76 false
912 102,76 false
913 102,77 false
914 102,77 false
915 102,77 false
916 102,77 false
917 102,77 false
918 102,77 false
919 102,77 false
920 102,77 false
921 102,77 false
922 102,77 false
923 102,77 false
924 102,77 false
925 102,78 false
926 102,78 false
927 102,78 false
928 102,78 false
929 102,78 false
930 102,78 false
931 102,78 false
932 102,78 false
933 102,78 false
934 102,78 false
935 102,78 false
936 102,78 false
937 102,79 false
938 102,79 false
939 102,79 false
940 102,79 false
941 102,79 false
942 102,79 false
943 102,79 false
944 102,79 false
945 102,79 false
946 102,79 false
947 102,79 false
948 102,79 false
949 102,80 false
950 102,80 false
951 102,80 false
952 102,80 false
953 102,80 false
954 102,80 false
955 102,80 false
956 102,80 false
957 102,80 false
958 102,80 false
959 102,80 false
960 102,80 false
961 102,81 false
962 102,81 false
963 102,81 false
964 102,81 false
965 102,81 false
966 102,81 false
967 102,81 false
968 102,81 false
969 102,81 false
970 102,81 false
971 102,81 false
972 102,81 false
973 102,82 false
974 102,82 false
975 102,82 false
976 102,82 false
977 102,82 false
978 102,82 false
979 102,82 false
980 102,82 false
981 102,82 false
982 102,82 false
983 102,82 false
984 102,82 false
985 102,83 false
986 102,83 false
987 102,83 false
988 102,83 false
989 102,83 false
990 102,83 false
991 102,83 false
992 102,83 false
993 102,83 false
994 102,83 false
995 102,83 false
996 102,83 false
997 102,84 false
998 102,84 false
999 102,84 false
1000 102,84 false
1001 102,84 false
1002 102,84 false
1003 102,84 false
1004 102,84 false
1005 102,84 false
1006 102,84 false
1007 102,84 false
1008 102,84 false
1009 102,85 false
1010 102,85 false
1011 102,85 false
1012 102,85 false
1013 102,85 false
1014 102,85 false
1015 102,85 false
1016 102,85 false
1017 102,85 false
1018 102,85 false
1019 102,85 false
1020 102,85 false
1021 102,86 false
1022 102,86 false
1023 102,86 false
1024 102,86 false
1025 102,86 false
1026 102,86 false
1027 102,86 false
1028 102,86 false
1029 102,86 false
1030 102,86 false
1031 102,86 false
1032 102,86 false
1033 102,87 false
1034 102,87 false
1035 102,87 false
1036 102,87 false
1037 102,87 false
1038 102,87 false
1039 102,87 false
1040 102,87 false
1041 102,87 false
1042 102,87 false
1043 102,87 false
1044 102,87 false
1045 102,88 false
1046 102,88 false
1047 102,88 false
1048 102,88 false
1049 102,88 false
1050 102,88 false
1051 102,88 false
1052 102,88 false
1053 102,88 false
1054 102,88 false
1055 102,88 false
1056 102,88 false
1057 102,89 false
1058 102,89 false
1059 102,89 false
1060 102,89 false
1061 102,89 false
1062 102,89 false
1063 102,89 false
1064 102,89 false
1065 102,89 false
1066 102,89 false
1067 102,89 false
1068 102,89 false
1069 102,90 false
1070 102,90 false
1071 102,90 false
1072 102,90 false
1073 102,90 false
1074 102,90 false
1075 102,90 false
1076 102,90 false
1077 102,90 false
1078 102,90 false
1079 102,90 false
1080 102,90 false
1081 102,91 false
1082 102,91 false
1083 102,91 false
1084 102,91 false
1085 102,91 false
1086 102,91 false
1087 102,91 false
1088 102,91 false
1089 102,91 false
1090 102,91 false
1091 102,91 false
1092 102,91 false
1093 102,92 false
1094 102,92 false
1095 102,92 false
1096 102,92 false
1097 102,92 false
1098 102,92 false
1099 102,92 false
1100 102,92 false
1101 102,92 false
1102 102,92 false
1103 102,92 false
1104 102,92 false
1105 102,93 false
1106 102,93 false
1107 102,93 false
1108 102,93 false
1109 102,93 false
1110 102,93 false
1111 102,93 false
1112 102,93 false
1113 102,93 false
1114 102,93 false
1115 102,93 false
1116 102,93 false
1117 102,94 false
1118 102,94 false
1119 102,94 false
1120 102,94 false
1121 102,94 false
1122 102,94 false
1123 102,94 false
1124 102,94 false
1125 102,94 false
1126 102,94 false
1127 102,94 false
1128 102,94 false
1129 102,95 false
1130 102,95 false
1131 102,95 false
1132 102,95 false
1133 102,95 false
1134 102,95 false
1135 102,95 false
1136 102,95 false
1137 102,95 false
1138 102,95 false
1139 102,95 false
1140 102,95 false
1141 102,96 false
1142 102,96 false
1143 102,96 false
1144 102,96 false
1145 102,96 false
1146 102,96 false
1147 102,96 false
1148 102,96 false
1149 102,96 false
1150 102,96 false
1151 102,96 false
1152 102,96 false
1153 102,97 false
1154 102,97 false
1155 102,97 false
1156 102,97 false
1157 102,97 false
1158 102,97 false
1159 102,97 false
1160 102,97 false
1161 102,97 false
1162 102,97 false
1163 102,97 false
1164 102,97 false
1165 102,98 false
1166 102,98 false
1167 102,98 false
1168 102,98 false
1169 102,98 false
1170 102,98 false
1171 102,98 false
1172 102,98 false
1173 102,98 false
1174 102,98 false
1175 102,98 false
1176 102,98 false
1177 102,99 false
1178 102,99 false
1179 102,99 false
1180 102,99 false
1181 102,99 false
1182 102,99 false
1183 102,99 false
1184 102,99 false
1185 102,99 false
1186 102,99 false
1187 102,99 false
1188 102,99 false
1189 102,100 false
1190 102,100 false
1191 102,100 false
1192 102,100 false
1193 102,100 false
1194 102,100 false
1195 102,100 false
1196 102,100 false
1197 102,100 false
1198 102,100 false
1199 102,100 false
1200 102,100 false
1201 102,101 false
1202 102,101 false
1203 102,101 false
1204 102,101 false
1205 102,101 false
1206 102,101 false
1207 102,101 false
1208 102,101 false
1209 102,101 false
1210 102,101 false
1211 102,101 false
1212 102,101 false
1213 102,102 false
1214 102,102 false
1215 102,102 false
1216 102,102 false
1217 102,102 false
1218 102,102 false
1219 102,102 false
1220 102,102 false
1221 102,102 false
1222 102,102 false
1223 102,102 false
1224 102,102 false
1225 102,103 false
1226 102,103 false
1227 102,103 false
1228 102,103 false
1229 102,103 false
1230 102,103 false
1231 102,103 false
1232 102,103 false
1233 102,103 false
1234 102,103 false
1235 102,103 false
1236 102,103 false
1237 102,104 false
1238 102,104 false
1239 102,104 false
1240 102,104 false
1241 102,104 false
1242 102,104 false
1243 102,104 false
1244 102,104 false
1245 102,104 false
1246 102,104 false
1247 102,104 false
1248 102,104 false
1249 102,105 false
1250 102,105 false
1251 102,105 false
1252 102,105 false
1253 102,105 false
1254 102,105 false
1255 102,105 false
1256 102,105 false
1257 102,105 false
1258 102,105 false
1259 102,105 false
1260 102,105 false
1261 102,106 false
1262 102,106 false
1263 102,106 false
1264 102,106 false
1265 102,106 false
1266 102,106 false
1267 102,106 false
1268 102,106 false
1269 102,106 false
1270 102,106 false
1271 102,106 false
1272 102,106 false
1273 102,107 false
1274 102,107 false
1275 102,107 false
1276 102,107 false
1277 102,107 false
1278 102,107 false
1279 102,107 false
1280 102,107 false
1281 102,107 false
1282 102,107 false
1283 102,107 false
1284 102,107 false
1285 102,108 false
1286 102,108 false
1287 102,108 false
1288 102,108 false
1289 102,108 false
1290 102,108 false
1291 102,108 false
1292 102,108 false
1293 102,108 false
1294 102,108 false
1295 102,108 false
1296 102,108 false
1297 102,109 false
1298 102,109 false
1299 102,109 false
1300 102,109 false
1301 102,109 false
1302 102,109 false
1303 102,109 false
1304 102,109 false
1305 102,109 false
1306 102,109 false
1307 102,109 false
1308 102,109 false
1309 102,110 false
1310 102,110 false
1311 102,110 false
1312 102,110 false
1313 102,110 false
1314 102,110 false
1315 102,110 false
1316 102,110 false
1317 102,110 false
1318 102,110 false
1319 102,110 false
1320 102,110 false
1321 102,111 false
1322 102,111 false
1323 102,111 false
1324 102,111 false
1325 102,111 false
1326 102,111 false
1327 102,111 false
1328 102,111 false
1329 102,111 false
1330 102,111 false
1331 102,111 false
1332 102,111 false
1333 102,112 false
1334 102,112 false
1335 102,112 false
1336 102,112 false
1337 102,112 false
1338 102,112 false
1339 102,112 false
1340 102,112 false
1341 102,112 false
1342 102,112 false
1343 102,112 false
1344 102,112 false
1345 102,113 false
1346 102,113 false
1347 102,113 false
1348 102,113 false
1349 102,113 false
1350 102,113 false
1351 102,113 false
1352 102,113 false
1353 102,113 false
1354 102,113 false
1355 102,113 false
1356 102,113 false
1357 102,114 false
1358 102,114 false
1359 102,114 false
1360 102,114 false
1361 102,114 false
1362 102,114 false
1363 102,114 false
1364 102,114 false
1365 102,114 false
1366 102,114 false
1367 102,114 false
1368 102,114 false
1369 102,115 false
1370 102,115 false
1371 102,115 false
1372 102,115 false
1373 102,115 false
1374 102,115 false
1375 102,115 false
1376 102,115 false
1377 102,115 false
1378 102,115 false
1379 102,115 false
1380 102,115 false
1381 102,116 false
1382 102,116 false
1383 102,116 false
1384 102,116 false
1385 102,116 false
1386 102,116 false
1387 102,116 false
1388 102,116 false
1389 102,116 false
1390 102,116 false
1391 102,116 false
1392 102,116 false
1393 102,117 false
1394 102,117 false
1395 102,117 false
1396 102,117 false
1397 102,117 false
1398 102,117 false
1399 102,117 false
1400 102,117 false
1401 102,117 false
1402 102,117 false
1403 102,117 false
1404 102,117 false
1405 102,118 false
1406 102,118 false
1407 102,118 false
1408 102,118 false
1409 102,118 false
1410 102,118 false
1411 102,118 false
1412 102,118 false
1413 102,118 false
1414 102,118 false
1415 102,118 false
1416 102,118 false
1417 102,119 false
1418 102,119 false
1419 102,119 false
1420 102,119 false
1421 102,119 false
1422 102,119 false
1423 102,119 false
1424 102,119 false
1425 102,119 false
1426 102,119 false
1427 102,119 false
1428 102,119 false
1429 102,120 false
1430 102,120 false
1431 102,120 false
1432 102,120 false
1433 102,120 false
1434 102,120 false
1435 102,120 false
1436 102,120 false
1437 102,120 false
1438 102,120 false
1439 102,120 false
1440 102,120 false
1441 102,121 false
1442 102,121 false
1443 102,121 false
1444 102,121 false
1445 102,121 false
1446 102,121 false
1447 102,121 false
1448 102,121 false
1449 102,121 false
1450 102,121 false
1451 102,121 false
1452 102,121 false
1453 102,122 false
1454 102,122 false
1455 102,122 false
1456 102,122 false
1457 102,122 false
1458 102,122 false
1459 102,122 false
1460 102,122 false
1461 102,122 false
1462 102,122 false
1463 102,122 false
1464 102,122 false
1465 102,123 false
1466 102,123 false
1467 102,123 false
1468 102,123 false
1469 102,123 false
1470 102,123 false
1471 102,123 false
1472 102,123 false
1473 102,123 false
1474 102,123 false
1475 102,123 false
1476 102,123 false
1477 102,124 false
1478 102,124 false
1479 102,124 false
1480 102,124 false
1481 102,124 false
1482 102,124 false
1483 102,124 false
1484 102,124 false
1485 102,124 false
1486 102,124 false
1487 102,124 false
1488 102,124 false
1489 102,125 false
1490 102,125 false
1491 102,125 false
1492 102,125 false
1493 102,125 false
1494 102,125 false
1495 102,125 false
1496 102,125 false
1497 102,125 false
1498 102,125 false
1499 102,125 false
1500 102,125 false
1501 102,126 false
1502 102,126 false
1503 102,126 false
1504 102,126 false
1505 102,126 false
1506 102,126 false
1507 102,126 false
1508 102,126 false
1509 102,126 false
1510 102,126 false
1511 102,126 false
1512 102,126 false
1513 102,127 false
1514 102,127 false
1515 102,127 false
1516 102,127 false
1517 102,127 false
1518 102,127 false
1519 102,127 false
1520 102,127 false
1521 102,127 false
1522 102,127 false
1523 102,127 false
1524 102,127 false
1525 102,128 false
1526 102,128 false
1527 102,128 false
1528 102,128 false
1529 102,128 false
1530 102,128 false
1531 102,128 false
1532 102,128 false
1533 102,128 false
1534 102,128 false
1535 102,128 false
1536 102,128 false
1537 102,129 false
1538 102,129 false
1539 102,129 false
1540 102,129 false
1541 102,129 false
1542 102,129 false
1543 102,129 false
1544 102,129 false
1545 102,129 false
1546 102,129 false
1547 102,129 false
1548 102,129 false
1549 102,130 false
1550 102,130 false
1551 102,130 false
1552 102,130 false
1553 102,130 false
1554 102,130 false
1555 102,130 false
1556 102,130 false
1557 102,130 false
1558 102,130 false
1559 102,130 false
1560 102,130 false
1561 102,131 false
1562 102,131 false
1563 102,131 false
1564 102,131 false
1565 102,131 false
1566 102,131 false
1567 102,131 false
1568 102,131 false
1569 102,131 false
1570 102,131 false
1571 102,131 false
1572 102,131 false
1573 102,132 false
1574 102,132 false
1575 102,132 false
1576 102,132 false
1577 102,132 false
1578 102,132 false
1579 102,132 false
1580 102,132 false
1581 102,132 false
1582 102,132 false
1583 102,132 false
1584 102,132 false
1585 102,133 false
1586 102,133 false
1587 102,133 false
1588 102,133 false
1589 102,133 false
1590 102,133 false
1591 102,133 false
1592 102,133 false
1593 102,133 false
1594 102,133 false
1595 102,133 false
1596 102,133 false
1597 102,134 false
1598 102,134 false
1599 102,134 false
1600 102,134 false
1601 102,134 false
1602 102,134 false
1603 102,134 false
1604 102,134 false
1605 102,134 false
1606 102,134 false
1607 102,134 false
1608 102,134 false
1609 102,135 false
1610 102,135 false
1611 102,135 false
1612 102,135 false
1613 102,135 false
1614 102,135 false
1615 102,135 false
1616 102,135 false
1617 102,135 false
1618 102,135 false
1619 102,135 false
1620 102,135 false
1621 102,136 false
1622 102,136 false
1623 102,136 false
1624 102,136 false
1625 102,136 false
1626 102,136 false
1627 102,136 false
1628 102,136 false
1629 102,136 false
1630 102,136 false
1631 102,136 false
1632 102,136 false
1633 102,137 false
1634 102,137 false
1635 102,137 false
1636 102,137 false
1637 102,137 false
1638 102,137 false
1639 102,137 false
1640 102,137 false
1641 102,137 false
1642 102,137 false
1643 102,137 false
1644 102,137 false
1645 102,138 false
1646 102,138 false
1647 102,138 false
1648 102,138 false
1649 102,138 false
1650 102,138 false
1651 102,138 false
1652 102,138 false
1653 102,138 false
1654 102,138 false
1655 102,138 false
1656 102,138 false
1657 102,139 false
1658 102,139 false
1659 102,139 false
1660 102,139 false
1661 102,139 false
1662 102,139 false
1663 102,139 false
1664 102,139 false
1665 102,139 false
1666 102,139 false
1667 102,139 false
1668 102,139 false
1669 102,140 false
1670 102,140 false
1671 102,140 false
1672 102,140 false
1673 102,140 false
1674 102,140 false
1675 102,140 false
1676 102,140 false
1677 102,140 false
1678 102,140 false
1679 102,140 false
1680 102,140 false
1681 102,141 false
1682 102,141 false
1683 102,141 false
1684 102,141 false
1685 102,141 false
1686 102,141 false
1687 102,141 false
1688 102,141 false
1689 102,141 false
1690 102,141 false
1691 102,141 false
1692 102,141 false
1693 102,142 false
1694 102,142 false
1695 102,142 false
1696 102,142 false
1697 102,142 false
1698 102,142 false
1699 102,142 false
1700 102,142 false
1701 102,142 false
1702 102,142 false
1703 102,142 false
1704 102,142 false
1705 102,143 false
1706 102,143 false
1707 102,143 false
1708 102,143 false
1709 102,143 false
1710 102,143 false
1711 102,143 false
1712 102,143 false
1713 102,143 false
1714 102,143 false
1715 102,143 false
1716 102,143 false
1717 102,144 false
1718 102,144 false
1719 102,144 false
1720 102,144 false
1721 102,144 false
1722 102,144 false
1723 102,144 false
1724 102,144 false
1725 102,144 false
1726 102,144 false
1727 102,144 false
1728 102,144 false
1729 102,145 false
1730 102,145 false
1731 102,145 false
1732 102,145 false
1733 102,145 false
1734 102,145 false
1735 102,145 false
1736 102,145 false
1737 102,145 false
1738 102,145 false
1739 102,145 false
1740 102,145 false
1741 102,146 false
1742 102,146 false
1743 102,146 false
1744 102,146 false
1745 102,146 false
1746 102,146 false
1747 102,146 false
1748 102,146 false
1749 102,146 false
1750 102,146 false
1751 102,146 false
1752 102,146 false
1753 102,147 false
1754 102,147 false
1755 102,147 false
1756 102,147 false
1757 102,147 false
1758 102,147 false
1759 102,147 false
1760 102,147 false
1761 102,147 false
1762 102,147 false
1763 102,147 false
1764 102,147 false
1765 102,148 false
1766 102,148 false
1767 102,148 false
1768 102,148 false
1769 102,148 false
1770 102,148 false
1771 102,148 false
1772 102,148 false
1773 102,148 false
1774 102,148 false
1775 102,148 false
1776 102,148 false
1777 102,149 false
1778 102,149 false
1779 102,149 false
1780 102,149 false
1781 102,149 false
1782 102,149 false
1783 102,149 false
1784 102,149 false
1785 102,149 false
1786 102,149 false
1787 102,149 false
1788 102,149 false
1789 102,150 false
1790 102,150 false
1791 102,150 false
1792 102,150 false
1793 102,150 false
1794 102,150 false
1795 102,150 false
1796 102,150 false
1797 102,150 false
1798 102,150 false
1799 102,150 false
1800 102,150 false
1801 102,151 false
1802 102,151 false
1803 102,151 false
1804 102,151 false
1805 102,151 false
1806 102,151 false
1807 102,151 false
1808 102,151 false
1809 102,151 false
1810 102,151 false
1811 102,151 false
1812 102,151 false
1813 102,152 false
1814 102,152 false
1815 102,152 false
1816 102,152 false
1817 102,152 false
1818 102,152 false
1819 102,152 false
1820 102,152 false
1821 102,152 false
1822 102,152 false
1823 102,152 false
1824 102,152 false
1825 102,153 false
1826 102,153 false
1827 102,153 false
1828 102,153 false
1829 102,153 false
1830 102,153 false
1831 102,153 false
1832 102,153 false
1833 102,153 false
1834 102,153 false
1835 102,153 false
1836 102,153 false
1837 102,154 false
1838 102,154 false
1839 102,154 false
1840 102,154 false
1841 102,154 false
1842 102,154 false
1843 102,154 false
1844 102,154 false
1845 102,154 false
1846 102,154 false
1847 102,154 false
1848 102,154 false
1849 102,155 false
1850 102,155 false
1851 102,155 false
1852 102,155 false
1853 102,155 false
1854 102,155 false
1855 102,155 false
1856 102,155 false
1857 102,155 false
1858 102,155 false
1859 102,155 false
1860 102,155 false
1861 102,156 false
1862 102,156 false
1863 102,156 false
1864 102,156 false
1865 102,156 false
1866 102,156 false
1867 102,156 false
1868 102,156 false
1869 102,156 false
1870 102,156 false
1871 102,156 false
1872 102,156 false
1873 102,157 false
1874 102,157 false
1875 102,157 false
1876 102,157 false
1877 102,157 false
1878 102,157 false
1879 102,157 false
1880 102,157 false
1881 102,157 false
1882 102,157 false
1883 102,157 false
1884 102,157 false
1885 102,158 false
1886 102,158 false
1887 102,158 false
1888 102,158 false
1889 102,158 false
1890 102,158 false
1891 102,158 false
1892 102,158 false
1893 102,158 false
1894 102,158 false
1895 102,158 false
1896 102,158 false
1897 102,159 false
1898 102,159 false
1899 102,159 false
1900 102,159 false
1901 102,159 false
1902 102,159 false
1903 102,159 false
1904 102,159 false
1905 102,159 false
1906 102,159 false
1907 102,159 false
1908 102,159 false
1909 102,160 false
1910 102,160 false
1911 102,160 false
1912 102,160 false
1913 102,160 false
1914 102,160 false
1915 102,160 false
1916 102,160 false
1917 102,160 false
1918 102,160 false
1919 102,160 false
1920 102,160 false
1921 102,161 false
1922 102,161 false
1923 102,161 false
1924 102,161 false
1925 102,161 false
1926 102,161 false
1927 102,161 false
1928 102,161 false
1929 102,161 false
1930 102,161 false
1931 102,161 false
1932 102,161 false
1933 102,162 false
1934 102,162 false
1935 102,162 false
1936 102,162 false
1937 102,162 false
1938 102,162 false
1939 102,162 false
1940 102,162 false
1941 102,162 false
1942 102,162 false
1943 102,162 false
1944 102,162 false
1945 102,163 false
1946 102,163 false
1947 102,163 false
1948 102,163 false
1949 102,163 false
1950 102,163 false
1951 102,163 false
1952 102,163 false
1953 102,163 false
1954 102,163 false
1955 102,163 false
1956 102,163 false
1957 102,164 false
1958 102,164 false
1959 102,164 false
1960 102,164 false
1961 102,164 false
1962 102,164 false
1963 102,164 false
1964 102,164 false
1965 102,164 false
1966 102,164 false
1967 102,164 false
1968 102,164 false
1969 102,165 false
1970 102,165 false
1971 102,165 false
1972 102,165 false
1973 102,165 false
1974 102,165 false
1975 102,165 false
1976 102,165 false
1977 102,165 false
1978 102,165 false
1979 102,165 false
1980 102,165 false
1981 102,166 false
1982 102,166 false
1983 102,166 false
1984 102,166 false
1985 102,166 false
1986 102,166 false
1987 102,166 false
1988 102,166 false
1989 102,166 false
1990 102,166 false
1991 102,166 false
1992 102,166 false
1993 102,167 false
1994 102,167 false
1995 102,167 false
1996 102,167 false
1997 102,167 false
1998 102,167 false
1999 102,167 false
2000 102,167 false
2001 102,167 false
2002 102,167 false
2003 102,167 false
2004 102,167 false
2005 102,168 false
2006 102,168 false
2007 102,168 false
2008 102,168 false
2009 102,168 false
2010 102,168 false
2011 102,168 false
2012 102,168 false
2013 102,168 false
2014 102,168 false
2015 102,168 false
2016 102,168 false
2017 102,169 false
2018 102,169 false
2019 102,169 false
2020 102,169 false
2021 102,169 false
2022 102,169 false
2023 102,169 false
2024 102,169 false
2025 102,169 false
2026 102,169 false
2027 102,169 false
2028 102,169 false
2029 102,170 false
2030 102,170 false
2031 102,170 false
2032 102,170 false
2033 102,170 false
2034 102,170 false
2035 102,170 false
2036 102,170 false
2037 102,170 false
2038 102,170 false
2039 102,170 false
2040 102,170 false
2041 102,171 false
2042 102,171 false
2043 102,171 false
2044 102,171 false
2045 102,171 false
2046 102,171 false
2047 102,171 false
2048 102,171 false
2049 102,171 false
2050 102,171 false
2051 102,171 false
2052 102,171 false
2053 102,172 false
2054 102,172 false
2055 102,172 false
2056 102,172 false
2057 102,172 false
2058 102,172 false
2059 102,172 false
2060 102,172 false
2061 102,172 false
2062 102,172 false
2063 102,172 false
2064 102,172 false
2065 102,173 false
2066 102,173 false
2067 102,173 false
2068 102,173 false
2069 102,173 false
2070 102,173 false
2071 102,173 false
2072 102,173 false
2073 102,173 false
2074 102,173 false
2075 102,173 false
2076 102,173 false
2077 102,174 false
2078 102,174 false
2079 102,174 false
2080 102,174 false
2081 102,174 false
2082 102,174 false
2083 102,174 false
2084 102,174 false
2085 102,174 false
2086 102,174 false
2087 102,174 false
2088 102,174 false
2089 102,175 false
2090 102,175 false
2091 102,175 false
2092 102,175 false
2093 102,175 false
2094 102,175 false
2095 102,175 false
2096 102,175 false
2097 102,175 false
2098 102,175 false
2099 102,175 false
2100 102,175 false
2101 102,176 false
2102 102,176 false
2103 102,176 false
2104 102,176 false
2105 102,176 false
2106 102,176 false
2107 102,176 false
2108 102,176 false
2109 102,176 false
2110 102,176 false
2111 102,176 false
2112 102,176 false
2113 102,177 false
2114 102,177 false
2115 102,177 false
2116 102,177 false
2117 102,177 false
2118 102,177 false
2119 102,177 false
2120 102,177 false
2121 102,177 false
2122 102,177 false
2123 102,177 false
2124 102,177 false
2125 102,178 false
2126 102,178 false
2127 102,178 false
2128 102,178 false
2129 102,178 false
2130 102,178 false
2131 102,178 false
2132 102,178 false
2133 102,178 false
2134 102,178 false
2135 102,178 false
2136 102,178 false
2137 102,179 false
2138 102,179 false
2139 102,179 false
2140 102,179 false
2141 102,179 false
2142 102,179 false
2143 102,179 false
2144 102,179 false
2145 102,179 false
2146 102,179 false
2147 102,179 false
2148 102,179 false
2149 102,180 false
2150 102,180 false
2151 102,180 false
2152 102,180 false
2153 102,180 false
2154 102,180 false
2155 102,180 false
2156 102,180 false
2157 102,180 false
2158 102,180 false
2159 102,180 false
2160 102,180 false
2161 102,181 false
2162 102,181 false
2163 102,181 false
2164 102,181 false
2165 102,181 false
2166 102,181 false
2167 102,181 false
2168 102,181 false
2169 102,181 false
2170 102,181 false
2171 102,181 false
2172 102,181 false
2173 102,182 false
2174 102,182 false
2175 102,182 false
2176 102,182 false
2177 102,182 false
2178 102,182 false
2179 102,182 false
2180 102,182 false
2181 102,182 false
2182 102,182 false
2183 102,182 false
2184 102,182 false
2185 102,183 false
2186 102,183 false
2187 102,183 false
2188 102,183 false
2189 102,183 false
2190 102,183 false
2191 102,183 false
2192 102,183 false
2193 102,183 false
2194 102,183 false
2195 102,183 false
2196 102,183 false
2197 102,184 false
2198 102,184 false
2199 102,184 false
2200 102,184 false
2201 102,184 false
2202 102,184 false
2203 102,184 false
2204 102,184 false
2205 102,184 false
2206 102,184 false
2207 102,184 false
2208 102,184 false
2209 102,185 false
2210 102,185 false
2211 102,185 false
2212 102,185 false
2213 102,185 false
2214 102,185 false
2215 102,185 false
2216 102,185 false
2217 102,185 false
2218 102,185 false
2219 102,185 false
2220 102,185 false
2221 102,186 false
2222 102,186 false
2223 102,186 false
2224 102,186 false
2225 102,186 false
2226 102,186 false
2227 102,186 false
2228 102,186 false
2229 102,186 false
2230 102,186 false
2231 102,186 false
2232 102,186 false
2233 102,187 false
2234 102,187 false
2235 102,187 false
2236 102,187 false
2237 102,187 false
2238 102,187 false
2239 102,187 false
2240 102,187 false
2241 102,187 false
2242 102,187 false
2243 102,187 false
2244 102,187 false
2245 102,188 false
2246 102,188 false
2247 102,188 false
2248 102,188 false
2249 102,188 false
2250 102,188 false
2251 102,188 false
2252 102,188 false
2253 102,188 false
2254 102,188 false
2255 102,188 false
2256 102,188 false
2257 102,189 false
2258 102,189 false
2259 102,189 false
2260 102,189 false
2261 102,189 false
2262 102,189 false
2263 102,189 false
2264 102,189 false
2265 102,189 false
2266 102,189 false
2267 102,189 false
2268 102,189 false
2269 102,190 false
2270 102,190 false
2271 102,190 false
2272 102,190 false
2273 102,190 false
2274 102,190 false
2275 102,190 false
2276 102,190 false
2277 102,190 false
2278 102,190 false
2279 102,190 false
2280 102,190 false
2281 102,191 false
2282 102,191 false
2283 102,191 false
2284 102,191 false
2285 102,191 false
2286 102,191 false
2287 102,191 false
2288 102,191 false
2289 102,191 false
2290 102,191 false
2291 102,191 false
2292 102,191 false
2293 102,192 false
2294 102,192 false
2295 102,192 false
2296 102,192 false
2297 102,192 false
2298 102,192 false
2299 102,192 false
2300 102,192 false
2301 102,192 false
2302 102,192 false
2303 102,192 false
2304 102,192 false
2305 102,193 false
2306 102,193 false
2307 102,193 false
2308 102,193 false
2309 102,193 false
2310 102,193 false
2311 102,193 false
2312 102,193 false
2313 102,193 false
2314 102,193 false
2315 102,193 false
2316 102,193 false
2317 102,194 false
2318 102,194 false
2319 102,194 false
2320 102,194 false
2321 102,194 false
2322 102,194 false
2323 102,194 false
2324 102,194 false
2325 102,194 false
2326 102,194 false
2327 102,194 false
2328 102,194 false
2329 102,195 false
2330 102,195 false
2331 102,195 false
2332 102,195 false
2333 102,195 false
2334 102,195 false
2335 102,195 false
2336 102,195 false
2337 102,195 false
2338 102,195 false
2339 102,195 false
2340 102,195 false
2341 102,196 false
2342 102,196 false
2343 102,196 false
2344 102,196 false
2345 102,196 false
2346 102,196 false
2347 102,196 false
2348 102,196 false
2349 102,196 false
2350 102,196 false
2351 102,196 false
2352 102,196 false
2353 102,197 false
2354 102,197 false
2355 102,197 false
2356 102,197 false
2357 102,197 false
2358 102,197 false
2359 102,197 false
2360 102,197 false
2361 102,197 false
2362 102,197 false
2363 102,197 false
2364 102,197 false
2365 102,198 false
2366 102,198 false
2367 102,198 false
2368 102,198 false
2369 102,198 false
2370 102,198 false
2371 102,198 false
2372 102,198 false
2373 102,198 false
2374 102,198 false
2375 102,198 false
2376 102,198 false
2377 102,199 false
2378 102,199 false
2379 102,199 false
2380 102,199 false
2381 102,199 false
2382 102,199 false
2383 102,199 false
2384 102,199 false
2385 102,199 false
2386 102,199 false
2387 102,199 false
2388 102,199 false
2389 102,200 false
2390 102,200 false
2391 102,200 false
2392 102,200 false
2393 102,200 false
2394 102,200 false
2395 102,200 false
2396 102,200 false
2397 102,200 false
2398 102,200 false
2399 102,200 false
2400 102,200 false
2401 102,201 false
2402 102,201 false
2403 102,201 false
2404 102,201 false
2405 102,201 false
2406 102,201 false
2407 102,201 false
2408 102,201 false
2409 102,201 false
2410 102,201 false
2411 102,201 false
2412 102,201 false
2413 102,202 false
2414 102,202 false
2415 102,202 false
2416 102,202 false
2417 102,202 false
2418 102,202 false
2419 102,202 false
2420 102,202 false
2421 102,202 false
2422 102,202 false
2423 102,202 false
2424 102,202 false
2425 102,203 false
2426 102,203 false
2427 102,203 false
2428 102,203 false
2429 102,203 false
2430 102,203 false
2431 102,203 false
2432 102,203 false
2433 102,203 false
2434 102,203 false
2435 102,203 false
2436 102,203 false
2437 102,204 false
2438 102,204 false
2439 102,204 false
2440 102,204 false
2441 102,204 false
2442 102,204 false
2443 102,204 false
2444 102,204 false
2445 102,204 false
2446 102,204 false
2447 102,204 false
2448 102,204 false
2449 102,205 false
2450 102,205 false
2451 102,205 false
2452 102,205 false
2453 102,205 false
2454 102,205 false
2455 102,205 false
2456 102,205 false
2457 102,205 false
2458 102,205 false
2459 102,205 false
2460 102,205 false
2461 102,206 false
2462 102,206 false
2463 102,206 false
2464 102,206 false
2465 102,206 false
2466 102,206 false
2467 102,206 false
2468 102,206 false
2469 102,206 false
2470 102,206 false
2471 102,206 false
2472 102,206 false
2473 102,207 false
2474 102,207 false
2475 102,207 false
2476 102,207 false
2477 102,207 false
2478 102,207 false
2479 102,207 false
2480 102,207 false
2481 102,207 false
2482 102,207 false
2483 102,207 false
2484 102,207 false
2485 102,208 false
2486 102,208 false
2487 102,208 false
2488 102,208 false
2489 102,208 false
2490 102,208 false
2491 102,208 false
2492 102,208 false
2493 102,208 false
2494 102,208 false
2495 102,208 false
2496 102,208 false
2497 102,209 false
2498 102,209 false
2499 102,209 false
2500 102,209 false
2501 102,209 false
2502 102,209 false
2503 102,209 false
2504 102,209 false
2505 102,209 false
2506 102,209 false
2507 102,209 false
2508 102,209 false
2509 102,210 false
2510 102,210 false
2511 102,210 false
2512 102,210 false
2513 102,210 false
2514 102,210 false
2515 102,210 false
2516 102,210 false
2517 102,210 false
2518 102,210 false
2519 102,210 false
2520 102,210 false
2521 102,211 false
2522 102,211 false
2523 102,211 false
2524 102,211 false
2525 102,211 false
2526 102,211 false
2527 102,211 false
2528 102,211 false
2529 102,211 false
2530 102,211 false
2531 102,211 false
2532 102,211 false
2533 102,212 false
2534 102,212 false
2535 102,212 false
2536 102,212 false
2537 102,212 false
2538 102,212 false
2539 102,212 false
2540 102,212 false
2541 102,212 false
2542 102,212 false
2543 102,212 false
2544 102,212 false
2545 102,213 false
2546 102,213 false
2547 102,213 false
2548 102,213 false
2549 102,213 false
2550 102,213 false
2551 102,213 false
2552 102,213 false
2553 102,213 false
2554 102,213 false
2555 102,213 false
2556 102,213 false
2557 102,214 false
2558 102,214 false
2559 102,214 false
2560 102,214 false
2561 102,214 false
2562 102,214 false
2563 102,214 false
2564 102,214 false
2565 102,214 false
2566 102,214 false
2567 102,214 false
2568 102,214 false
2569 102,215 false
2570 102,215 false
2571 102,215 false
2572 102,215 false
2573 102,215 false
2574 102,215 false
2575 102,215 false
2576 102,215 false
2577 102,215 false
2578 102,215 false
2579 102,215 false
2580 102,215 false
2581 102,216 false
2582 102,216 false
2583 102,216 false
2584 102,216 false
2585 102,216 false
2586 102,216 false
2587 102,216 false
2588 102,216 false
2589 102,216 false
2590 102,216 false
2591 102,216 false
2592 102,216 false
2593 102,217 false
2594 102,217 false
2595 102,217 false
2596 102,217 false
2597 102,217 false
2598 102,217 false
2599 102,217 false
2600 102,217 false
2601 102,217 false
2602 102,217 false
2603 102,217 false
2604 102,217 false
2605 102,218 false
2606 102,218 false
2607 102,218 false
2608 102,218 false
2609 102,218 false
2610 102,218 false
2611 102,218 false
2612 102,218 false
2613 102,218 false
2614 102,218 false
2615 102,218 false
2616 102,218 false
2617 102,219 false
2618 102,219 false
2619 102,219 false
2620 102,219 false
2621 102,219 false
2622 102,219 false
2623 102,219 false
2624 102,219 false
2625 102,219 false
2626 102,219 false
2627 102,219 false
2628 102,219 false
2629 102,220 false
2630 102,220 false
2631 102,220 false
2632 102,220 false
2633 102,220 false
2634 102,220 false
2635 102,220 false
2636 102,220 false
2637 102,220 false
2638 102,220 false
2639 102,220 false
2640 102,220 false
2641 102,221 false
2642 102,221 false
2643 102,221 false
2644 102,221 false
2645 102,221 false
2646 102,221 false
2647 102,221 false
2648 102,221 false
2649 102,221 false
2650 102,221 false
2651 102,221 false
2652 102,221 false
2653 102,222 false
2654 102,222 false
2655 102,222 false
2656 102,222 false
2657 102,222 false
2658 102,222 false
2659 102,222 false
2660 102,222 false
2661 102,222 false
2662 102,222 false
2663 102,222 false
2664 102,222 false
2665 102,223 false
2666 102,223 false
2667 102,223 false
2668 102,223 false
2669 102,223 false
2670 102,223 false
2671 102,223 false
2672 102,223 false
2673 102,223 false
2674 102,223 false
2675 102,223 false
2676 102,223 false
2677 102,224 false
2678 102,224 false
2679 102,224 false
2680 102,224 false
2681 102,224 false
2682 102,224 false
2683 102,224 false
2684 102,224 false
2685 102,224 false
2686 102,224 false
2687 102,224 false
2688 102,224 false
2689 102,225 false
2690 102,225 false
2691 102,225 false
2692 102,225 false
2693 102,225 false
2694 102,225 false
2695 102,225 false
2696 102,225 false
2697 102,225 false
2698 102,225 false
2699 102,225 false
2700 102,225 false
2701 102,226 false
2702 102,226 false
2703 102,226 false
2704 102,226 false
2705 102,226 false
2706 102,226 false
2707 102,226 false
2708 102,226 false
2709 102,226 false
2710 102,226 false
2711 102,226 false
2712 102,226 false
2713 102,227 false
2714 102,227 false
2715 102,227 false
2716 102,227 false
2717 102,227 false
2718 102,227 false
2719 102,227 false
2720 102,227 false
2721 102,227 false
2722 102,227 false
2723 102,227 false
2724 102,227 false
2725 102,228 false
2726 102,228 false
2727 102,228 false
2728 102,228 false
2729 102,228 false
2730 102,228 false
2731 102,228 false
2732 102,228 false
2733 102,228 false
2734 102,228 false
2735 102,228 false
2736 102,228 false
2737 102,229 false
2738 102,229 false
2739 102,229 false
2740 102,229 false
2741 102,229 false
2742 102,229 false
2743 102,229 false
2744 102,229 false
2745 102,229 false
2746 102,229 false
2747 102,229 false
2748 102,229 false
2749 102,230 false
2750 102,230 false
2751 102,230 false
2752 102,230 false
2753 102,230 false
2754 102,230 false
2755 102,230 false
2756 102,230 false
2757 102,230 false
2758 102,230 false
2759 102,230 false
2760 102,230 false
2761 102,231 false
2762 102,231 false
2763 102,231 false
2764 102,231 false
2765 102,231 false
2766 102,231 false
2767 102,231 false
2768 102,231 false
2769 102,231 false
2770 102,231 false
2771 102,231 false
2772 102,231 false
2773 102,232 false
2774 102,232 false
2775 102,232 false
2776 102,232 false
2777 102,232 false
2778 102,232 false
2779 102,232 false
2780 102,232 false
2781 102,232 false
2782 102,232 false
2783 102,232 false
2784 102,232 false
2785 102,233 false
2786 102,233 false
2787 102,233 false
2788 102,233 false
2789 102,233 false
2790 102,233 false
2791 102,233 false
2792 102,233 false
2793 102,233 false
2794 102,233 false
2795 102,233 false
2796 102,233 false
2797 102,234 false
2798 102,234 false
2799 102,234 false
2800 102,234 false
2801 102,234 false
2802 102,234 false
2803 102,234 false
2804 102,234 false
2805 102,234 false
2806 102,234 false
2807 102,234 false
2808 102,234 false
2809 102,235 false
2810 102,235 false
2811 102,235 false
2812 102,235 false
2813 102,235 false
2814 102,235 false
2815 102,235 false
2816 102,235 false
2817 102,235 false
2818 102,235 false
2819 102,235 false
2820 102,235 false
2821 102,236 false
2822 102,236 false
2823 102,236 false
2824 102,236 false
2825 102,236 false
2826 102,236 false
2827 102,236 false
2828 102,236 false
2829 102,236 false
2830 102,236 false
2831 102,236 false
2832 102,236 false
2833 102,237 false
2834 102,237 false
2835 102,237 false
2836 102,237 false
2837 102,237 false
2838 102,237 false
2839 102,237 false
2840 102,237 false
2841 102,237 false
2842 102,237 false
2843 102,237 false
2844 102,237 false
2845 102,238 false
2846 102,238 false
2847 102,238 false
2848 102,238 false
2849 102,238 false
2850 102,238 false
2851 102,238 false
2852 102,238 false
2853 102,238 false
2854 102,238 false
2855 102,238 false
2856 102,238 false
2857 102,239 false
2858 102,239 false
2859 102,239 false
2860 102,239 false
2861 102,239 false
2862 102,239 false
2863 102,239 false
2864 102,239 false
2865 102,239 false
2866 102,239 false
2867 102,239 false
2868 102,239 false
2869 102,240 false
2870 102,240 false
2871 102,240 false
2872 102,240 false
2873 102,240 false
2874 102,240 false
2875 102,240 false
2876 102,240 false
2877 102,240 false
2878 102,240 false
2879 102,240 false
2880 102,240 false
2881 102,241 false
2882 102,241 false
2883 102,241 false
2884 102,241 false
2885 102,241 false
2886 102,241 false
2887 102,241 false
2888 102,241 false
2889 102,241 false
2890 102,241 false
2891 102,241 false
2892 102,241 false
2893 102,242 false
2894 102,242 false
2895 102,242 false
2896 102,242 false
2897 102,242 false
2898 102,242 false
2899 102,242 false
2900 102,242 false
2901 102,242 false
2902 102,242 false
2903 102,242 false
2904 102,242 false
2905 102,243 false
2906 102,243 false
2907 102,243 false
2908 102,243 false
2909 102,243 false
2910 102,243 false
2911 102,243 false
2912 102,243 false
2913 102,243 false
2914 102,243 false
2915 102,243 false
2916 102,243 false
2917 102,244 false
2918 102,244 false
2919 102,244 false
2920 102,244 false
2921 102,244 false
2922 102,244 false
2923 102,244 false
2924 102,244 false
2925 102,244 false
2926 102,244 false
2927 102,244 false
2928 102,244 false
2929 102,245 false
2930 102,245 false
2931 102,245 false
2932 102,245 false
2933 102,245 false
2934 102,245 false
2935 102,245 false
2936 102,245 false
2937 102,245 false
2938 102,245 false
2939 102,245 false
2940 102,245 false
2941 102,246 false
2942 102,246 false
2943 102,246 false
2944 102,246 false
2945 102,246 false
2946 102,246 false
2947 102,246 false
2948 102,246 false
2949 102,246 false
2950 102,246 false
2951 102,246 false
2952 102,246 false
2953 102,247 false
2954 102,247 false
2955 102,247 false
2956 102,247 false
2957 102,247 false
2958 102,247 false
2959 102,247 false
2960 102,247 false
2961 102,247 false
2962 102,247 false
2963 102,247 false
2964 102,247 false
2965 102,248 false
2966 102,248 false
2967 102,248 false
2968 102,248 false
2969 102,248 false
2970 102,248 false
2971 102,248 false
2972 102,248 false
2973 102,248 false
2974 102,248 false
2975 102,248 false
2976 102,248 false
2977 102,249 false
2978 102,249 false
2979 102,249 false
2980 102,249 false
2981 102,249 false
2982 102,249 false
2983 102,249 false
2984 102,249 false
2985 102,249 false
2986 102,249 false
2987 102,249 false
2988 102,249 false
2989 102,250 false
2990 102,250 false
2991 102,250 false
2992 102,250 false
2993 102,250 false
2994 102,250 false
2995 102,250 false
2996 102,250 false
2997 102,250 false
2998 102,250 false
2999 102,250 false
3000 102,250 false
3001 102,251 false
3002 102,251 false
3003 102,251 false
3004 102,251 false
3005 102,251 false
3006 102,251 false
3007 102,251 false
3008 102,251 false
3009 102,251 false
3010 102,251 false
3011 102,251 false
3012 102,251 false
3013 102,252 false
3014 102,252 false
3015 102,252 false
3016 102,252 false
3017 102,252 false
3018 102,252 false
3019 102,252 false
3020 102,252 false
3021 102,252 false
3022 102,252 false
3023 102,252 false
3024 102,252 false
3025 102,253 false
3026 102,253 false
3027 102,253 false
3028 102,253 false
3029 102,253 false
3030 102,253 false
3031 102,253 false
3032 102,253 false
3033 102,253 false
3034 102,253 false
3035 102,253 false
3036 102,253 false
3037 102,254 false
3038 102,254 false
3039 102,254 false
3040 102,254 false
3041 102,254 false
3042 102,254 false
3043 102,254 false
3044 102,254 false
3045 102,254 false
3046 102,254 false
3047 102,254 false
3048 102,254 false
3049 102,255 false
3050 102,255 false
3051 102,255 false
3052 102,255 false
3053 102,255 false
3054 102,255 false
3055 102,255 false
3056 102,255 false
3057 102,255 false
3058 102,255 false
3059 102,255 false
3060 102,255 false
3061 102,256 false
3062 102,256 false
3063 102,256 false
3064 102,256 false
3065 102,256 false
3066 102,256 false
3067 102,256 false
3068 102,256 false
3069 102,256 false
3070 102,256 false
3071 102,256 false
3072 102,256 false
3073 102,257 false
3074 102,257 false
3075 102,257 false
3076 102,257 false
3077 102,257 false
3078 102,257 false
3079 102,257 false
3080 102,257 false
3081 102,257 false
3082 102,257 false
3083 102,257 false
3084 102,257 false
3085 102,258 false
3086 102,258 false
3087 102,258 false
3088 102,258 false
3089 102,258 false
3090 102,258 false
3091 102,258 false
3092 102,258 false
3093 102,258 false
3094 102,258 false
3095 102,258 false
3096 102,258 false
3097 102,259 false
3098 102,259 false
3099 102,259 false
3100 102,259 false
3101 102,259 false
3102 102,259 false
3103 102,259 false
3104 102,259 false
3105 102,259 false
3106 102,259 false
3107 102,259 false
3108 102,259 false
3109 102,260 false
3110 102,260 false
3111 102,260 false
3112 102,260 false
3113 102,260 false
3114 102,260 false
3115 102,260 false
3116 102,260 false
3117 102,260 false
3118 102,260 false
3119 102,260 false
3120 102,260 false
3121 102,261 false
3122 102,261 false
3123 102,261 false
3124 102,261 false
3125 102,261 false
3126 102,261 false
3127 102,261 false
3128 102,261 false
3129 102,261 false
3130 102,261 false
3131 102,261 false
3132 102,261 false
3133 102,262 false
3134 102,262 false
3135 102,262 false
3136 102,262 false
3137 102,262 false
3138 102,262 false
3139 102,262 false
3140 102,262 false
3141 102,262 false
3142 102,262 false
3143 102,262 false
3144 102,262 false
3145 102,263 false
3146 102,263 false
3147 102,263 false
3148 102,263 false
3149 102,263 false
3150 102,263 false
3151 102,263 false
3152 102,263 false
3153 102,263 false
3154 102,263 false
3155 102,263 false
3156 102,263 false
3157 102,264 false
3158 102,264 false
3159 102,264 false
3160 102,264 false
3161 102,264 false
3162 102,264 false
3163 102,264 false
3164 102,264 false
3165 102,264 false
3166 102,264 false
3167 102,264 false
3168 102,264 false
3169 102,265 false
3170 102,265 false
3171 102,265 false
3172 102,265 false
3173 102,265 false
3174 102,265 false
3175 102,265 false
3176 102,265 false
3177 102,265 false
3178 102,265 false
3179 102,265 false
3180 102,265 false
3181 102,266 false
3182 102,266 false
3183 102,266 false
3184 102,266 false
3185 102,266 false
3186 102,266 false
3187 102,266 false
3188 102,266 false
3189 102,266 false
3190 102,266 false
3191 102,266 false
3192 102,266 false
3193 102,267 false
3194 102,267 false
3195 102,267 false
3196 102,267 false
3197 102,267 false
3198 102,267 false
3199 102,267 false
3200 102,267 false
3201 102,267 false
3202 102,267 false
3203 102,267 false
3204 102,267 false
3205 102,268 false
3206 102,268 false
3207 102,268 false
3208 102,268 false
3209 102,268 false
3210 102,268 false
3211 102,268 false
3212 102,268 false
3213 102,268 false
3214 102,268 false
3215 102,268 false
3216 102,268 false
3217 102,269 false
3218 102,269 false
3219 102,269 false
3220 102,269 false
3221 102,269 false
3222 102,269 false
3223 102,269 false
3224 102,269 false
3225 102,269 false
3226 102,269 false
3227 102,269 false
3228 102,269 false
3229 102,270 false
3230 102,270 false
3231 102,270 false
3232 102,270 false
3233 102,270 false
3234 102,270 false
3235 102,270 false
3236 102,270 false
3237 102,270 false
3238 102,270 false
3239 102,270 false
3240 102,270 false
3241 102,271 false
3242 102,271 false
3243 102,271 false
3244 102,271 false
3245 102,271 false
3246 102,271 false
3247 102,271 false
3248 102,271 false
3249 102,271 false
3250 102,271 false
3251 102,271 false
3252 102,271 false
3253 102,272 false
3254 102,272 false
3255 102,272 false
3256 102,272 false
3257 102,272 false
3258 102,272 false
3259 102,272 false
3260 102,272 false
3261 102,272 false
3262 102,272 false
3263 102,272 false
3264 102,272 false
3265 102,273 false
3266 102,273 false
3267 102,273 false
3268 102,273 false
3269 102,273 false
3270 102,273 false
3271 102,273 false
3272 102,273 false
3273 102,273 false
3274 102,273 false
3275 102,273 false
3276 102,273 false
3277 102,274 false
3278 102,274 false
3279 102,274 false
3280 102,274 false
3281 102,274 false
3282 102,274 false
3283 102,274 false
3284 102,274 false
3285 102,274 false
3286 102,274 false
3287 102,274 false
3288 102,274 false
3289 102,275 false
3290 102,275 false
3291 102,275 false
3292 102,275 false
3293 102,275 false
3294 102,275 false
3295 102,275 false
3296 102,275 false
3297 102,275 false
3298 102,275 false
3299 102,275 false
3300 102,275 false
3301 102,276 false
3302 102,276 false
3303 102,276 false
3304 102,276 false
3305 102,276 false
3306 102,276 false
3307 102,276 false
3308 102,276 false
3309 102,276 false
3310 102,276 false
3311 102,276 false
3312 102,276 false
3313 102,277 false
3314 102,277 false
3315 102,277 false
3316 102,277 false
3317 102,277 false
3318 102,277 false
3319 102,277 false
3320 102,277 false
3321 102,277 false
3322 102,277 false
3323 102,277 false
3324 102,277 false
3325 102,278 false
3326 102,278 false
3327 102,278 false
3328 102,278 false
3329 102,278 false
3330 102,278 false
3331 102,278 false
3332 102,278 false
3333 102,278 false
3334 102,278 false
3335 102,278 false
3336 102,278 false
3337 102,279 false
3338 102,279 false
3339 102,279 false
3340 102,279 false
3341 102,279 false
3342 102,279 false
3343 102,279 false
3344 102,279 false
3345 102,279 false
3346 102,279 false
3347 102,279 false
3348 102,279 false
3349 102,280 false
3350 102,280 false
3351 102,280 false
3352 102,280 false
3353 102,280 false
3354 102,280 false
3355 102,280 false
3356 102,280 false
3357 102,280 false
3358 102,280 false
3359 102,280 false
3360 102,280 false
3361 102,281 false
3362 102,281 false
3363 102,281 false
3364 102,281 false
3365 102,281 false
3366 102,281 false
3367 102,281 false
3368 102,281 false
3369 102,281 false
3370 102,281 false
3371 102,281 false
3372 102,281 false
3373 102,282 false
3374 102,282 false
3375 102,282 false
3376 102,282 false
3377 102,282 false
3378 102,282 false
3379 102,282 false
3380 102,282 false
3381 102,282 false
3382 102,282 false
3383 102,282 false
3384 102,282 false
3385 102,283 false
3386 102,283 false
3387 102,283 false
3388 102,283 false
3389 102,283 false
3390 102,283 false
3391 102,283 false
3392 102,283 false
3393 102,283 false
3394 102,283 false
3395 102,283 false
3396 102,283 false
3397 102,284 false
3398 102,284 false
3399 102,284 false
3400 102,284 false
3401 102,284 false
3402 102,284 false
3403 102,284 false
3404 102,284 false
3405 102,284 false
3406 102,284 false
3407 102,284 false
3408 102,284 false
3409 102,285 false
3410 102,285 false
3411 102,285 false
3412 102,285 false
3413 102,285 false
3414 102,285 false
3415 102,285 false
3416 102,285 false
3417 102,285 false
3418 102,285 false
3419 102,285 false
3420 102,285 false
3421 102,286 false
3422 102,286 false
3423 102,286 false
3424 102,286 false
3425 102,286 false
3426 102,286 false
3427 102,286 false
3428 102,286 false
3429 102,286 false
3430 102,286 false
3431 102,286 false
3432 102,286 false
3433 102,287 false
3434 102,287 false
3435 102,287 false
3436 102,287 false
3437 102,287 false
3438 102,287 false
3439 102,287 false
3440 102,287 false
3441 102,287 false
3442 102,287 false
3443 102,287 false
3444 102,287 false
3445 102,288 false
3446 102,288 false
3447 102,288 false
3448 102,288 false
3449 102,288 false
3450 102,288 false
3451 102,288 false
3452 102,288 false
3453 102,288 false
3454 102,288 false
3455 102,288 false
3456 102,288 false
3457 102,289 false
3458 102,289 false
3459 102,289 false
3460 102,289 false
3461 102,289 false
3462 102,289 false
3463 102,289 false
3464 102,289 false
3465 102,289 false
3466 102,289 false
3467 102,289 false
3468 102,289 false
3469 102,290 false
3470 102,290 false
3471 102,290 false
3472 102,290 false
3473 102,290 false
3474 102,290 false
3475 102,290 false
3476 102,290 false
3477 102,290 false
3478 102,290 false
3479 102,290 false
3480 102,290 false
3481 102,291 false
3482 102,291 false
3483 102,291 false
3484 102,291 false
3485 102,291 false
3486 102,291 false
3487 102,291 false
3488 102,291 false
3489 102,291 false
3490 102,291 false
3491 102,291 false
3492 102,291 false
3493 102,292 false
3494 102,292 false
3495 102,292 false
3496 102,292 false
3497 102,292 false
3498 102,292 false
3499 102,292 false
3500 102,292 false
3501 102,292 false
3502 102,292 false
3503 102,292 false
3504 102,292 false
3505 102,293 false
3506 102,293 false
3507 102,293 false
3508 102,293 false
3509 102,293 false
3510 102,293 false
3511 102,293 false
3512 102,293 false
3513 102,293 false
3514 102,293 false
3515 102,293 false
3516 102,293 false
3517 102,294 false
3518 102,294 false
3519 102,294 false
3520 102,294 false
3521 102,294 false
3522 102,294 false
3523 102,294 false
3524 102,294 false
3525 102,294 false
3526 102,294 false
3527 102,294 false
3528 102,294 false
3529 102,295 false
3530 102,295 false
3531 102,295 false
3532 102,295 false
3533 102,295 false
3534 102,295 false
3535 102,295 false
3536 102,295 false
3537 102,295 false
3538 102,295 false
3539 102,295 false
3540 102,295 false
3541 102,296 false
3542 102,296 false
3543 102,296 false
3544 102,296 false
3545 102,296 false
3546 102,296 false
3547 102,296 false
3548 102,296 false
3549 102,296 false
3550 102,296 false
3551 102,296 false
3552 102,296 false
3553 102,297 false
3554 102,297 false
3555 102,297 false
3556 102,297 false
3557 102,297 false
3558 102,297 false
3559 102,297 false
3560 102,297 false
3561 102,297 false
3562 102,297 false
3563 102,297 false
3564 102,297 false
3565 102,298 false
3566 102,298 false
3567 102,298 false
3568 102,298 false
3569 102,298 false
3570 102,298 false
3571 102,298 false
3572 102,298 false
3573 102,298 false
3574 102,298 false
3575 102,298 false
3576 102,298 false
3577 102,299 false
3578 102,299 false
3579 102,299 false
3580 102,299 false
3581 102,299 false
3582 102,299 false
3583 102,299 false
3584 102,299 false
3585 102,299 false
3586 102,299 false
3587 102,299 false
3588 102,299 false
3589 102,300 false
3590 102,300 false
3591 102,300 false
3592 102,300 false
3593 102,300 false
3594 102,300 false
3595 102,300 false
3596 102,300 false
3597 102,300 false
3598 102,300 false
3599 102,300 false
3600 102,300 false
3601 102,301 false
3602 102,301 false
3603 102,301 false
3604 102,301 false
3605 102,301 false
3606 102,301 false
3607 102,301 false
3608 102,301 false
3609 102,301 false
3610 102,301 false
3611 102,301 false
3612 102,301 false
3613 102,302 false
3614 102,302 false
3615 102,302 false
3616 102,302 false
3617 102,302 false
3618 102,302 false
3619 102,302 false
3620 102,302 false
3621 102,302 false
3622 102,302 false
3623 102,302 false
3624 102,302 false
3625 102,303 false
3626 102,303 false
3627 102,303 false
3628 102,303 false
3629 102,303 false
3630 102,303 false
3631 102,303 false
3632 102,303 false
3633 102,303 false
3634 102,303 false
3635 102,303 false
3636 102,303 false
3637 102,304 false
3638 102,304 false
3639 102,304 false
3640 102,304 false
3641 102,304 false
3642 102,304 false
3643 102,304 false
3644 102,304 false
3645 102,304 false
3646 102,304 false
3647 102,304 false
3648 102,304 false
3649 102,305 false
3650 102,305 false
3651 102,305 false
3652 102,305 false
3653 102,305 false
3654 102,305 false
3655 102,305 false
3656 102,305 false
3657 102,305 false
3658 102,305 false
3659 102,305 false
3660 102,305 false
3661 102,306 false
3662 102,306 false
3663 102,306 false
3664 102,306 false
3665 102,306 false
3666 102,306 false
3667 102,306 false
3668 102,306 false
3669 102,306 false
3670 102,306 false
3671 102,306 false
3672 102,306 false
3673 102,307 false
3674 102,307 false
3675 102,307 false
3676 102,307 false
3677 102,307 false
3678 102,307 false
3679 102,307 false
3680 102,307 false
3681 102,307 false
3682 102,307 false
3683 102,307 false
3684 102,307 false
3685 102,308 false
3686 102,308 false
3687 102,308 false
3688 102,308 false
3689 102,308 false
3690 102,308 false
3691 102,308 false
3692 102,308 false
3693 102,308 false
3694 102,308 false
3695 102,308 false
3696 102,308 false
3697 102,309 false
3698 102,309 false
3699 102,309 false
3700 102,309 false
3701 102,309 false
3702 102,309 false
3703 102,309 false
3704 102,309 false
3705 102,309 false
3706 102,309 false
3707 102,309 false
3708 102,309 false
3709 102,310 false
3710 102,310 false
3711 102,310 false
3712 102,310 false
3713 102,310 false
3714 102,310 false
3715 102,310 false
3716 102,310 false
3717 102,310 false
3718 102,310 false
3719 102,310 false
3720 102,310 false
3721 102,311 false
3722 102,311 false
3723 102,311 false
3724 102,311 false
3725 102,311 false
3726 102,311 false
3727 102,311 false
3728 102,311 false
3729 102,311 false
3730 102,311 false
3731 102,311 false
3732 102,311 false
3733 102,312 false
3734 102,312 false
3735 102,312 false
3736 102,312 false
3737 102,312 false
3738 102,312 false
3739 102,312 false
3740 102,312 false
3741 102,312 false
3742 102,312 false
3743 102,312 false
3744 102,312 false
3745 102,313 false
3746 102,313 false
3747 102,313 false
3748 102,313 false
3749 102,313 false
3750 102,313 false
3751 102,313 false
3752 102,313 false
3753 102,313 false
3754 102,313 false
3755 102,313 false
3756 102,313 false
3757 102,314 false
3758 102,314 false
3759 102,314 false
3760 102,314 false
3761 102,314 false
3762 102,314 false
3763 102,314 false
3764 102,314 false
3765 102,314 false
3766 102,314 false
3767 102,314 false
3768 102,314 false
3769 102,315 false
3770 102,315 false
3771 102,315 false
3772 102,315 false
3773 102,315 false
3774 102,315 false
3775 102,315 false
3776 102,315 false
3777 102,315 false
3778 102,315 false
3779 102,315 false
3780 102,315 false
3781 102,316 false
3782 102,316 false
3783 102,316 false
3784 102,316 false
3785 102,316 false
3786 102,316 false
3787 102,316 false
3788 102,316 false
3789 102,316 false
3790 102,316 false
3791 102,316 false
3792 102,316 false
3793 102,317 false
3794 102,317 false
3795 102,317 false
3796 102,317 false
3797 102,317 false
3798 102,317 false
3799 102,317 false
3800 102,317 false
3801 102,317 false
3802 102,317 false
3803 102,317 false
3804 102,317 false
3805 102,318 false
3806 102,318 false
3807 102,318 false
3808 102,318 false
3809 102,318 false
3810 102,318 false
3811 102,318 false
3812 102,318 false
3813 102,318 false
3814 102,318 false
3815 102,318 false
3816 102,318 false
3817 102,319 false
3818 102,319 false
3819 102,319 false
3820 102,319 false
3821 102,319 false
3822 102,319 false
3823 102,319 false
3824 102,319 false
3825 102,319 false
3826 102,319 false
3827 102,319 false
3828 102,319 false
3829 102,320 false
3830 102,320 false
3831 102,320 false
3832 102,320 false
3833 102,320 false
3834 102,320 false
3835 102,320 false
3836 102,320 false
3837 102,320 false
3838 102,320 false
3839 102,320 false
3840 102,320 false
3841 102,321 false
3842 102,321 false
3843 102,321 false
3844 102,321 false
3845 102,321 false
3846 102,321 false
3847 102,321 false
3848 102,321 false
3849 102,321 false
3850 102,321 false
3851 102,321 false
3852 102,321 false
3853 102,322 false
3854 102,322 false
3855 102,322 false
3856 102,322 false
3857 102,322 false
3858 102,322 false
3859 102,322 false
3860 102,322 false
3861 102,322 false
3862 102,322 false
3863 102,322 false
3864 102,322 false
3865 102,323 false
3866 102,323 false
3867 102,323 false
3868 102,323 false
3869 102,323 false
3870 102,323 false
3871 102,323 false
3872 102,323 false
3873 102,323 false
3874 102,323 false
3875 102,323 false
3876 102,323 false
3877 102,324 false
3878 102,324 false
3879 102,324 false
3880 102,324 false
3881 102,324 false
3882 102,324 false
3883 102,324 false
3884 102,324 false
3885 102,324 false
3886 102,324 false
3887 102,324 false
3888 102,324 false
3889 102,325 false
3890 102,325 false
3891 102,325 false
3892 102,325 false
3893 102,325 false
3894 102,325 false
3895 102,325 false
3896 102,325 false
3897 102,325 false
3898 102,325 false
3899 102,325 false
3900 102,325 false
3901 102,326 false
3902 102,326 false
3903 102,326 false
3904 102,326 false
3905 102,326 false
3906 102,326 false
3907 102,326 false
3908 102,326 false
3909 102,326 false
3910 102,326 false
3911 102,326 false
3912 102,326 false
3913 102,327 false
3914 102,327 false
3915 102,327 false
3916 102,327 false
3917 102,327 false
3918 102,327 false
3919 102,327 false
3920 102,327 false
3921 102,327 false
3922 102,327 false
3923 102,327 false
3924 102,327 false
3925 102,328 false
3926 102,328 false
3927 102,328 false
3928 102,328 false
3929 102,328 false
3930 102,328 false
3931 102,328 false
3932 102,328 false
3933 102,328 false
3934 102,328 false
3935 102,328 false
3936 102,328 false
3937 102,329 false
3938 102,329 false
3939 102,329 false
3940 102,329 false
3941 102,329 false
3942 102,329 false
3943 102,329 false
3944 102,329 false
3945 102,329 false
3946 102,329 false
3947 102,329 false
3948 102,329 false
3949 102,330 false
3950 102,330 false
3951 102,330 false
3952 102,330 false
3953 102,330 false
3954 102,330 false
3955 102,330 false
3956 102,330 false
3957 102,330 false
3958 102,330 false
3959 102,330 false
3960 102,330 false
3961 102,331 false
3962 102,331 false
3963 102,331 false
3964 102,331 false
3965 102,331 false
3966 102,331 false
3967 102,331 false
3968 102,331 false
3969 102,331 false
3970 102,331 false
3971 102,331 false
3972 102,331 false
3973 102,332 false
3974 102,332 false
3975 102,332 false
3976 102,332 false
3977 102,332 false
3978 102,332 false
3979 102,332 false
3980 102,332 false
3981 102,332 false
3982 102,332 false
3983 102,332 false
3984 102,332 false
3985 102,333 false
3986 102,333 false
3987 102,333 false
3988 102,333 false
3989 102,333 false
3990 102,333 false
3991 102,333 false
3992 102,333 false
3993 102,333 false
3994 102,333 false
3995 102,333 false
3996 102,333 false
3997 102,334 false
3998 102,334 false
3999 102,334 false
4000 102,334 false
4001 102,334 false
4002 102,334 false
4003 102,334 false
4004 102,334 false
4005 102,334 false
4006 102,334 false
4007 102,334 false
4008 102,334 false
4009 102,335 false
4010 102,335 false
4011 102,335 false
4012 102,335 false
4013 102,335 false
4014 102,335 false
4015 102,335 false
4016 102,335 false
4017 102,335 false
4018 102,335 false
4019 102,335 false
4020 102,335 false
4021 102,336 false
4022 102,336 false
4023 102,336 false
4024 102,336 false
4025 102,336 false
4026 102,336 false
4027 102,336 false
4028 102,336 false
4029 102,336 false
4030 102,336 false
4031 102,336 false
4032 102,336 false
4033 102,337 false
4034 102,337 false
4035 102,337 false
4036 102,337 false
4037 102,337 false
4038 102,337 false
4039 102,337 false
4040 102,337 false
4041 102,337 false
4042 102,337 false
4043 102,337 false
4044 102,337 false
4045 102,338 false
4046 102,338 false
4047 102,338 false
4048 102,338 false
4049 102,338 false
4050 102,338 false
4051 102,338 false
4052 102,338 false
4053 102,338 false
4054 102,338 false
4055 102,338 false
4056 102,338 false
4057 102,339 false
4058 102,339 false
4059 102,339 false
4060 102,339 false
4061 102,339 false
4062 102,339 false
4063 102,339 false
4064 102,339 false
4065 102,339 false
4066 102,339 false
4067 102,339 false
4068 102,339 false
4069 102,340 false
4070 102,340 false
4071 102,340 false
4072 102,340 false
4073 102,340 false
4074 102,340 false
4075 102,340 false
4076 102,340 false
4077 102,340 false
4078 102,340 false
4079 102,340 false
4080 102,340 false
4081 102,341 false
4082 102,341 false
4083 102,341 false
4084 102,341 false
4085 102,341 false
4086 102,341 false
4087 102,341 false
4088 102,341 false
4089 102,341 false
4090 102,341 false
4091 102,341 false
4092 102,341 false
4093 102,342 false
4094 102,342 false
4095 102,342 false
4096 102,342 false
4097 102,342 false
4098 102,342 false
4099 102,342 false
4100 102,342 false
4101 102,342 false
4102 102,342 false
4103 102,342 false
4104 102,342 false
4105 102,343 false
4106 102,343 false
4107 102,343 false
4108 102,343 false
4109 102,343 false
4110 102,343 false
4111 102,343 false
4112 102,343 false
4113 102,343 false
4114 102,343 false
4115 102,343 false
4116 102,343 false
4117 102,344 false
4118 102,344 false
4119 102,344 false
4120 102,344 false
4121 102,344 false
4122 102,344 false
4123 102,344 false
4124 102,344 false
4125 102,344 false
4126 102,344 false
4127 102,344 false
4128 102,344 false
4129 102,345 false
4130 102,345 false
4131 102,345 false
4132 102,345 false
4133 102,345 false
4134 102,345 false
4135 102,345 false
4136 102,345 false
4137 102,345 false
4138 102,345 false
4139 102,345 false
4140 102,345 false
4141 102,346 false
4142 102,346 false
4143 102,346 false
4144 102,346 false
4145 102,346 false
4146 102,346 false
4147 102,346 false
4148 102,346 false
4149 102,346 false
4150 102,346 false
4151 102,346 false
4152 102,346 false
4153 102,347 false
4154 102,347 false
4155 102,347 false
4156 102,347 false
4157 102,347 false
4158 102,347 false
4159 102,347 false
4160 102,347 false
4161 102,347 false
4162 102,347 false
4163 102,347 false
4164 102,347 false
4165 102,348 false
4166 102,348 false
4167 102,348 false
4168 102,348 false
4169 102,348 false
4170 102,348 false
4171 102,348 false
4172 102,348 false
4173 102,348 false
4174 102,348 false
4175 102,348 false
4176 102,348 false
4177 102,349 false
4178 102,349 false
4179 102,349 false
4180 102,349 false
4181 102,349 false
4182 102,349 false
4183 102,349 false
4184 102,349 false
4185 102,349 false
4186 102,349 false
4187 102,349 false
4188 102,349 false
4189 102,350 false
4190 102,350 false
4191 102,350 false
4192 102,350 false
4193 102,350 false
4194 102,350 false
4195 102,350 false
4196 102,350 false
4197 102,350 false
4198 102,350 false
4199 102,350 false
4200 102,350 false
4201 102,351 false
4202 102,351 false
4203 102,351 false
4204 102,351 false
4205 102,351 false
4206 102,351 false
4207 102,351 false
4208 102,351 false
4209 102,351 false
4210 102,351 false
4211 102,351 false
4212 102,351 false
4213 102,352 false
4214 102,352 false
4215 102,352 false
4216 102,352 false
4217 102,352 false
4218 102,352 false
4219 102,352 false
4220 102,352 false
4221 102,352 false
4222 102,352 false
4223 102,352 false
4224 102,352 false
4225 102,353 false
4226 102,353 false
4227 102,353 false
4228 102,353 false
4229 102,353 false
4230 102,353 false
4231 102,353 false
4232 102,353 false
4233 102,353 false
4234 102,353 false
4235 102,353 false
4236 102,353 false
4237 102,354 false
4238 102,354 false
4239 102,354 false
4240 102,354 false
4241 102,354 false
4242 102,354 false
4243 102,354 false
4244 102,354 false
4245 102,354 false
4246 102,354 false
4247 102,354 false
4248 102,354 false
4249 102,355 false
4250 102,355 false
4251 102,355 false
4252 102,355 false
4253 102,355 false
4254 102,355 false
4255 102,355 false
4256 102,355 false
4257 102,355 false
4258 102,355 false
4259 102,355 false
4260 102,355 false
4261 102,356 false
4262 102,356 false
4263 102,356 false
4264 102,356 false
4265 102,356 false
4266 102,356 false
4267 102,356 false
4268 102,356 false
4269 102,356 false
4270 102,356 false
4271 102,356 false
4272 102,356 false
4273 102,357 false
4274 102,357 false
4275 102,357 false
4276 102,357 false
4277 102,357 false
4278 102,357 false
4279 102,357 false
4280 102,357 false
4281 102,357 false
4282 102,357 false
4283 102,357 false
4284 102,357 false
4285 102,358 false
4286 102,358 false
4287 102,358 false
4288 102,358 false
4289 102,358 false
4290 102,358 false
4291 102,358 false
4292 102,358 false
4293 102,358 false
4294 102,358 false
4295 102,358 false
4296 102,358 false
4297 102,359 false
4298 102,359 false
4299 102,359 false
4300 102,359 false
4301 102,359 false
4302 102,359 false
4303 102,359 false
4304 102,359 false
4305 102,359 false
4306 102,359 false
4307 102,359 false
4308 102,359 false
4309 102,360 false
4310 102,360 false
4311 102,360 false
4312 102,360 false
4313 102,360 false
4314 102,360 false
4315 102,360 false
4316 102,360 false
4317 102,360 false
4318 102,360 false
4319 102,360 false
4320 102,360 false
4321 102,361 false
4322 102,361 false
4323 102,361 false
4324 102,361 false
4325 102,361 false
4326 102,361 false
4327 102,361 false
4328 102,361 false
4329 102,361 false
4330 102,361 false
4331 102,361 false
4332 102,361 false
4333 102,362 false
4334 102,362 false
4335 102,362 false
4336 102,362 false
4337 102,362 false
4338 102,362 false
4339 102,362 false
4340 102,362 false
4341 102,362 false
4342 102,362 false
4343 102,362 false
4344 102,362 false
4345 102,363 false
4346 102,363 false
4347 102,363 false
4348 102,363 false
4349 102,363 false
4350 102,363 false
4351 102,363 false
4352 102,363 false
4353 102,363 false
4354 102,363 false
4355 102,363 false
4356 102,363 false
4357 102,364 false
4358 102,364 false
4359 102,364 false
4360 102,364 false
4361 102,364 false
4362 102,364 false
4363 102,364 false
4364 102,364 false
4365 102,364 false
4366 102,364 false
4367 102,364 false
4368 102,364 false
4369 102,365 false
4370 102,365 false
4371 102,365 false
4372 102,365 false
4373 102,365 false
4374 102,365 false
4375 102,365 false
4376 102,365 false
4377 102,365 false
4378 102,365 false
4379 102,365 false
4380 102,365 false
4381 102,366 false
4382 102,366 false
4383 102,366 false
4384 102,366 false
4385 102,366 false
4386 102,366 false
4387 102,366 false
4388 102,366 false
4389 102,366 false
4390 102,366 false
4391 102,366 false
4392 102,366 false
4393 102,367 false
4394 102,367 false
4395 102,367 false
4396 102,367 false
4397 102,367 false
4398 102,367 false
4399 102,367 false
4400 102,367 false
4401 102,367 false
4402 102,367 false
4403 102,367 false
4404 102,367 false
4405 102,368 false
4406 102,368 false
4407 102,368 false
4408 102,368 false
4409 102,368 false
4410 102,368 false
4411 102,368 false
4412 102,368 false
4413 102,368 false
4414 102,368 false
4415 102,368 false
4416 102,368 false
4417 102,369 false
4418 102,369 false
4419 102,369 false
4420 102,369 false
4421 102,369 false
4422 102,369 false
4423 102,369 false
4424 102,369 false
4425 102,369 false
4426 102,369 false
4427 102,369 false
4428 102,369 false
4429 102,370 false
4430 102,370 false
4431 102,370 false
4432 102,370 false
4433 102,370 false
4434 102,370 false
4435 102,370 false
4436 102,370 false
4437 102,370 false
4438 102,370 false
4439 102,370 false
4440 102,370 false
4441 102,371 false
4442 102,371 false
4443 102,371 false
4444 102,371 false
4445 102,371 false
4446 102,371 false
4447 102,371 false
4448 102,371 false
4449 102,371 false
4450 102,371 false
4451 102,371 false
4452 102,371 false
4453 102,372 false
4454 102,372 false
4455 102,372 false
4456 102,372 false
4457 102,372 false
4458 102,372 false
4459 102,372 false
4460 102,372 false
4461 102,372 false
4462 102,372 false
4463 102,372 false
4464 102,372 false
4465 102,373 false
4466 102,373 false
4467 102,373 false
4468 102,373 false
4469 102,373 false
4470 102,373 false
4471 102,373 false
4472 102,373 false
4473 102,373 false
4474 102,373 false
4475 102,373 false
4476 102,373 false
4477 102,374 false
4478 102,374 false
4479 102,374 false
4480 102,374 false
4481 102,374 false
4482 102,374 false
4483 102,374 false
4484 102,374 false
4485 102,374 false
4486 102,374 false
4487 102,374 false
4488 102,374 false
4489 102,375 false
4490 102,375 false
4491 102,375 false
4492 102,375 false
4493 102,375 false
4494 102,375 false
4495 102,375 false
4496 102,375 false
4497 102,375 false
4498 102,375 false
4499 102,375 false
4500 102,375 false
4501 102,376 false
4502 102,376 false
4503 102,376 false
4504 102,376 false
4505 102,376 false
4506 102,376 false
4507 102,376 false
4508 102,376 false
4509 102,376 false
4510 102,376 false
4511 102,376 false
4512 102,376 false
4513 102,377 false
4514 102,377 false
4515 102,377 false
4516 102,377 false
4517 102,377 false
4518 102,377 false
4519 102,377 false
4520 102,377 false
4521 102,377 false
4522 102,377 false
4523 102,377 false
4524 102,377 false
4525 102,378 false
4526 102,378 false
4527 102,378 false
4528 102,378 false
4529 102,378 false
4530 102,378 false
4531 102,378 false
4532 102,378 false
4533 102,378 false
4534 102,378 false
4535 102,378 false
4536 102,378 false
4537 102,379 false
4538 102,379 false
4539 102,379 false
4540 102,379 false
4541 102,379 false
4542 102,379 false
4543 102,379 false
4544 102,379 false
4545 102,379 false
4546 102,379 false
4547 102,379 false
4548 102,379 false
4549 102,380 false
4550 102,380 false
4551 102,380 false
4552 102,380 false
4553 102,380 false
4554 102,380 false
4555 102,380 false
4556 102,380 false
4557 102,380 false
4558 102,380 false
4559 102,380 false
4560 102,380 false
4561 102,381 false
4562 102,381 false
4563 102,381 false
4564 102,381 false
4565 102,381 false
4566 102,381 false
4567 102,381 false
4568 102,381 false
4569 102,381 false
4570 102,381 false
4571 102,381 false
4572 102,381 false
4573 102,382 false
4574 102,382 false
4575 102,382 false
4576 102,382 false
4577 102,382 false
4578 102,382 false
4579 102,382 false
4580 102,382 false
4581 102,382 false
4582 102,382 false
4583 102,382 false
4584 102,382 false
4585 102,383 false
4586 102,383 false
4587 102,383 false
4588 102,383 false
4589 102,383 false
4590 102,383 false
4591 102,383 false
4592 102,383 false
4593 102,383 false
4594 102,383 false
4595 102,383 false
4596 102,383 false
4597 102,384 false
4598 102,384 false
4599 102,384 false
4600 102,384 false
4601 102,384 false
4602 102,384 false
4603 102,384 false
4604 102,384 false
4605 102,384 false
4606 102,384 false
4607 102,384 false
4608 102,384 false
4609 102,385 false
4610 102,385 false
4611 102,385 false
4612 102,385 false
4613 102,385 false
4614 102,385 false
4615 102,385 false
4616 102,385 false
4617 102,385 false
4618 102,385 false
4619 102,385 false
4620 102,385 false
4621 102,386 false
4622 102,386 false
4623 102,386 false
4624 102,386 false
4625 102,386 false
4626 102,386 false
4627 102,386 false
4628 102,386 false
4629 102,386 false
4630 102,386 false
4631 102,386 false
4632 102,386 false
4633 102,387 false
4634 102,387 false
4635 102,387 false
4636 102,387 false
4637 102,387 false
4638 102,387 false
4639 102,387 false
4640 102,387 false
4641 102,387 false
4642 102,387 false
4643 102,387 false
4644 102,387 false
4645 102,388 false
4646 102,388 false
4647 102,388 false
4648 102,388 false
4649 102,388 false
4650 102,388 false
4651 102,388 false
4652 102,388 false
4653 102,388 false
4654 102,388 false
4655 102,388 false
4656 102,388 false
4657 102,389 false
4658 102,389 false
4659 102,389 false
4660 102,389 false
4661 102,389 false
4662 102,389 false
4663 102,389 false
4664 102,389 false
4665 102,389 false
4666 102,389 false
4667 102,389 false
4668 102,389 false
4669 102,390 false
4670 102,390 false
4671 102,390 false
4672 102,390 false
4673 102,390 false
4674 102,390 false
4675 102,390 false
4676 102,390 false
4677 102,390 false
4678 102,390 false
4679 102,390 false
4680 102,390 false
4681 102,391 false
4682 102,391 false
4683 102,391 false
4684 102,391 false
4685 102,391 false
4686 102,391 false
4687 102,391 false
4688 102,391 false
4689 102,391 false
4690 102,391 false
4691 102,391 false
4692 102,391 false
4693 102,392 false
4694 102,392 false
4695 102,392 false
4696 102,392 false
4697 102,392 false
4698 102,392 false
4699 102,392 false
4700 102,392 false
4701 102,392 false
4702 102,392 false
4703 102,392 false
4704 102,392 false
4705 102,393 false
4706 102,393 false
4707 102,393 false
4708 102,393 false
4709 102,393 false
4710 102,393 false
4711 102,393 false
4712 102,393 false
4713 102,393 false
4714 102,393 false
4715 102,393 false
4716 102,393 false
4717 102,394 false
4718 102,394 false
4719 102,394 false
4720 102,394 false
4721 102,394 false
4722 102,394 false
4723 102,394 false
4724 102,394 false
4725 102,394 false
4726 102,394 false
4727 102,394 false
4728 102,394 false
4729 102,395 false
4730 102,395 false
4731 102,395 false
4732 102,395 false
4733 102,395 false
4734 102,395 false
4735 102,395 false
4736 102,395 false
4737 102,395 false
4738 102,395 false
4739 102,395 false
4740 102,395 false
4741 102,396 false
4742 102,396 false
4743 102,396 false
4744 102,396 false
4745 102,396 false
4746 102,396 false
4747 102,396 false
4748 102,396 false
4749 102,396 false
4750 102,396 false
4751 102,396 false
4752 102,396 false
4753 102,397 false
4754 102,397 false
4755 102,397 false
4756 102,397 false
4757 102,397 false
4758 102,397 false
4759 102,397 false
4760 102,397 false
4761 102,397 false
4762 102,397 false
4763 102,397 false
4764 102,397 false
4765 102,398 false
4766 102,398 false
4767 102,398 false
4768 102,398 false
4769 102,398 false
4770 102,398 false
4771 102,398 false
4772 102,398 false
4773 102,398 false
4774 102,398 false
4775 102,398 false
4776 102,398 false
4777 102,399 false
4778 102,399 false
4779 102,399 false
4780 102,399 false
4781 102,399 false
4782 102,399 false
4783 102,399 false
4784 102,399 false
4785 102,399 false
4786 102,399 false
4787 102,399 false
4788 102,399 false
4789 102,400 false
4790 102,400 false
4791 102,400 false
4792 102,400 false
4793 102,400 false
4794 102,400 false
4795 102,400 false
4796 102,400 false
4797 102,400 false
4798 102,400 false
4799 102,400 false
4800 102,400 false
4801 102,401 false
4802 102,401 false
4803 102,401 false
4804 102,401 false
4805 102,401 false
4806 102,401 false
4807 102,401 false
4808 102,401 false
4809 102,401 false
4810 102,401 false
4811 102,401 false
4812 102,401 false
4813 102,402 false
4814 102,402 false
4815 102,402 false
4816 102,402 false
4817 102,402 false
4818 102,402 false
4819 102,402 false
4820 102,402 false
4821 102,402 false
4822 102,402 false
4823 102,402 false
4824 102,402 false
4825 102,403 false
4826 102,403 false
4827 102,403 false
4828 102,403 false
4829 102,403 false
4830 102,403 false
4831 102,403 false
4832 102,403 false
4833 102,403 false
4834 102,403 false
4835 102,403 false
4836 102,403 false
4837 102,404 false
4838 102,404 false
4839 102,404 false
4840 102,404 false
4841 102,404 false
4842 102,404 false
4843 102,404 false
4844 102,404 false
4845 102,404 false
4846 102,404 false
4847 102,404 false
4848 102,404 false
4849 102,405 false
4850 102,405 false
4851 102,405 false
4852 102,405 false
4853 102,405 false
4854 102,405 false
4855 102,405 false
4856 102,405 false
4857 102,405 false
4858 102,405 false
4859 102,405 false
4860 102,405 false
4861 102,406 false
4862 102,406 false
4863 102,406 false
4864 102,406 false
4865 102,406 false
4866 102,406 false
4867 102,406 false
4868 102,406 false
4869 102,406 false
4870 102,406 false
4871 102,406 false
4872 102,406 false
4873 102,407 false
4874 102,407 false
4875 102,407 false
4876 102,407 false
4877 102,407 false
4878 102,407 false
4879 102,407 false
4880 102,407 false
4881 102,407 false
4882 102,407 false
4883 102,407 false
4884 102,407 false
4885 102,408 false
4886 102,408 false
4887 102,408 false
4888 102,408 false
4889 102,408 false
4890 102,408 false
4891 102,408 false
4892 102,408 false
4893 102,408 false
4894 102,408 false
4895 102,408 false
4896 102,408 false
4897 102,409 false
4898 102,409 false
4899 102,409 false
4900 102,409 false
4901 102,409 false
4902 102,409 false
4903 102,409 false
4904 102,409 false
4905 102,409 false
4906 102,409 false
4907 102,409 false
4908 102,409 false
4909 102,410 false
4910 102,410 false
4911 102,410 false
4912 102,410 false
4913 102,410 false
4914 102,410 false
4915 102,410 false
4916 102,410 false
4917 102,410 false
4918 102,410 false
4919 102,410 false
4920 102,410 false
4921 102,411 false
4922 102,411 false
4923 102,411 false
4924 102,411 false
4925 102,411 false
4926 102,411 false
4927 102,411 false
4928 102,411 false
4929 102,411 false
4930 102,411 false
4931 102,411 false
4932 102,411 false
4933 102,412 false
4934 102,412 false
4935 102,412 false
4936 102,412 false
4937 102,412 false
4938 102,412 false
4939 102,412 false
4940 102,412 false
4941 102,412 false
4942 102,412 false
4943 102,412 false
4944 102,412 false
4945 102,413 false
4946 102,413 false
4947 102,413 false
4948 102,413 false
4949 102,413 false
4950 102,413 false
4951 102,413 false
4952 102,413 false
4953 102,413 false
4954 102,413 false
4955 102,413 false
4956 102,413 false
4957 102,414 false
4958 102,414 false
4959 102,414 false
4960 102,414 false
4961 102,414 false
4962 102,414 false
4963 102,414 false
4964 102,414 false
4965 102,414 false
4966 102,414 false
4967 102,414 false
4968 102,414 false
4969 102,415 false
4970 102,415 false
4971 102,415 false
4972 102,415 false
4973 102,415 false
4974 102,415 false
4975 102,415 false
4976 102,415 false
4977 102,415 false
4978 102,415 false
4979 102,415 false
4980 102,415 false
4981 102,416 false
4982 102,416 false
4983 102,416 false
4984 102,416 false
4985 102,416 false
4986 102,416 false
4987 102,416 false
4988 102,416 false
4989 102,416 false
4990 102,416 false
4991 102,416 false
4992 102,416 false
4993 102,417 false
4994 102,417 false
4995 102,417 false
4996 102,417 false
4997 102,417 false
4998 102,417 false
4999 102,417 false
5000 102,417 false
5001 102,417 false
5002 102,417 false
5003 102,417 false
5004 102,417 false
5005 102,418 false
5006 102,418 false
5007 102,418 false
5008 102,418 false
5009 102,418 false
5010 102,418 false
5011 102,418 false
5012 102,418 false
5013 102,418 false
5014 102,418 false
5015 102,418 false
5016 102,418 false
5017 102,419 false
5018 102,419 false
5019 102,419 false
5020 102,419 false
5021 102,419 false
5022 102,419 false
5023 102,419 false
5024 102,419 false
5025 102,419 false
5026 102,419 false
5027 102,419 false
5028 102,419 false
5029 102,420 false
5030 102,420 false
5031 102,420 false
5032 102,420 false
5033 102,420 false
5034 102,420 false
5035 102,420 false
5036 102,420 false
5037 102,420 false
5038 102,420 false
5039 102,420 false
5040 102,420 false
5041 102,421 false
5042 102,421 false
5043 102,421 false
5044 102,421 false
5045 102,421 false
5046 102,421 false
5047 102,421 false
5048 102,421 false
5049 102,421 false
5050 102,421 false
5051 102,421 false
5052 102,421 false
5053 102,422 false
5054 102,422 false
5055 102,422 false
5056 102,422 false
5057 102,422 false
5058 102,422 false
5059 102,422 false
5060 102,422 false
5061 102,422 false
5062 102,422 false
5063 102,422 false
5064 102,422 false
5065 102,423 false
5066 102,423 false
5067 102,423 false
5068 102,423 false
5069 102,423 false
5070 102,423 false
5071 102,423 false
5072 102,423 false
5073 102,423 false
5074 102,423 false
5075 102,423 false
5076 102,423 false
5077 102,424 false
5078 102,424 false
5079 102,424 false
5080 102,424 false
5081 102,424 false
5082 102,424 false
5083 102,424 false
5084 102,424 false
5085 102,424 false
5086 102,424 false
5087 102,424 false
5088 102,424 false
