4932
1 1,318 true
2 1,318 true
3 1,318 true
4 1,318 true
5 1,318 true
6 1,318 true
7 1,318 true
8 1,318 true
9 1,318 true
10 1,318 true
11 1,318 true
12 1,318 true
13 2,318 true
14 2,318 true
15 2,318 true
16 2,318 true
17 2,318 true
18 2,318 true
19 2,318 true
20 2,318 true
21 2,318 true
22 2,318 true
23 2,318 true
24 2,318 true
25 3,318 true
26 3,318 true
27 3,318 true
28 3,318 true
29 3,318 true
30 3,318 true
31 3,318 true
32 3,318 true
33 3,318 true
34 3,318 true
35 3,318 true
36 3,318 true
37 4,318 true
38 4,318 true
39 4,318 true
40 4,318 true
41 4,318 true
42 4,318 true
43 4,318 true
44 4,318 true
45 4,318 true
46 4,318 true
47 4,318 true
48 4,318 true
49 5,318 true
50 5,318 true
51 5,318 true
52 5,318 true
53 5,318 true
54 5,318 true
55 5,318 true
56 5,318 true
57 5,318 true
58 5,318 true
59 5,318 true
60 5,318 true
61 6,318 true
62 6,318 true
63 6,318 true
64 6,318 true
65 6,318 true
66 6,318 true
67 6,318 true
68 6,318 true
69 6,318 true
70 6,318 true
71 6,318 true
72 6,318 true
73 7,318 true
74 7,318 true
75 7,318 true
76 7,318 true
77 7,318 true
78 7,318 true
79 7,318 true
80 7,318 true
81 7,318 true
82 7,318 true
83 7,318 true
84 7,318 true
85 8,318 true
86 8,318 true
87 8,318 true
88 8,318 true
89 8,318 true
90 8,318 true
91 8,318 true
92 8,318 true
93 8,318 true
94 8,318 true
95 8,318 true
96 8,318 true
97 9,318 true
98 9,318 true
99 9,318 true
100 9,318 true
101 9,318 true
102 9,318 true
103 9,318 true
104 9,318 true
105 9,318 true
106 9,318 true
107 9,318 true
108 9,318 true
109 10,318 true
110 10,318 true
111 10,318 true
112 10,318 true
113 10,318 true
114 10,318 true
115 10,318 true
116 10,318 true
117 10,318 true
118 10,318 true
119 10,318 true
120 10,318 true
121 11,318 true
122 11,318 true
123 11,318 true
124 11,318 true
125 11,318 true
126 11,318 true
127 11,318 true
128 11,318 true
129 11,318 true
130 11,318 true
131 11,318 true
132 11,318 true
133 12,318 true
134 12,318 true
135 12,318 true
136 12,318 true
137 12,318 true
138 12,318 true
139 12,318 true
140 12,318 true
141 12,318 true
142 12,318 true
143 12,318 true
144 12,318 true
145 13,318 true
146 13,318 true
147 13,318 true
148 13,318 true
149 13,318 true
150 13,318 true
151 13,318 true
152 13,318 true
153 13,318 true
154 13,318 true
155 13,318 true
156 13,318 true
157 14,318 true
158 14,318 true
159 14,318 true
160 14,318 true
161 14,318 true
162 14,318 true
163 14,318 true
164 14,318 true
165 14,318 true
166 14,318 true
167 14,318 true
168 14,318 true
169 15,318 true
170 15,318 true
171 15,318 true
172 15,318 true
173 15,318 true
174 15,318 true
175 15,318 true
176 15,318 true
177 15,318 true
178 15,318 true
179 15,318 true
180 15,318 true
181 16,318 true
182 16,318 true
183 16,318 true
184 16,318 true
185 16,318 true
186 16,318 true
187 16,318 true
188 16,318 true
189 16,318 true
190 16,318 true
191 16,318 true
192 16,318 true
193 17,318 true
194 17,318 true
195 17,318 true
196 17,318 true
197 17,318 true
198 17,318 true
199 17,318 true
200 17,318 true
201 17,318 true
202 17,318 true
203 17,318 true
204 17,318 true
205 18,318 true
206 18,318 true
207 18,318 true
208 18,318 true
209 18,318 true
210 18,318 true
211 18,318 true
212 18,318 true
213 18,318 true
214 18,318 true
215 18,318 true
216 18,318 true
217 19,318 true
218 19,318 true
219 19,318 true
220 19,318 true
221 19,318 true
222 19,318 true
223 19,318 true
224 19,318 true
225 19,318 true
226 19,318 true
227 19,318 true
228 19,318 true
229 20,318 true
230 20,318 true
231 20,318 true
232 20,318 true
233 20,318 true
234 20,318 true
235 20,318 true
236 20,318 true
237 20,318 true
238 20,318 true
239 20,318 true
240 20,318 true
241 21,318 true
242 21,318 true
243 21,318 true
244 21,318 true
245 21,318 true
246 21,318 true
247 21,318 true
248 21,318 true
249 21,318 true
250 21,318 true
251 21,318 true
252 21,318 true
253 22,318 true
254 22,318 true
255 22,318 true
256 22,318 true
257 22,318 true
258 22,318 true
259 22,318 true
260 22,318 true
261 22,318 true
262 22,318 true
263 22,318 true
264 22,318 true
265 23,318 true
266 23,318 true
267 23,318 true
268 23,318 true
269 23,318 true
270 23,318 true
271 23,318 true
272 23,318 true
273 23,318 true
274 23,318 true
275 23,318 true
276 23,318 true
277 24,318 true
278 24,318 true
279 24,318 true
280 24,318 true
281 24,318 true
282 24,318 true
283 24,318 true
284 24,318 true
285 24,318 true
286 24,318 true
287 24,318 true
288 24,318 true
289 25,318 true
290 25,318 true
291 25,318 true
292 25,318 true
293 25,318 true
294 25,318 true
295 25,318 true
296 25,318 true
297 25,318 true
298 25,318 true
299 25,318 true
300 25,318 true
301 26,318 true
302 26,318 true
303 26,318 true
304 26,318 true
305 26,318 true
306 26,318 true
307 26,318 true
308 26,318 true
309 26,318 true
310 26,318 true
311 26,318 true
312 26,318 true
313 27,318 true
314 27,318 true
315 27,318 true
316 27,318 true
317 27,318 true
318 27,318 true
319 27,318 true
320 27,318 true
321 27,318 true
322 27,318 true
323 27,318 true
324 27,318 true
325 28,318 true
326 28,318 true
327 28,318 true
328 28,318 true
329 28,318 true
330 28,318 true
331 28,318 true
332 28,318 true
333 28,318 true
334 28,318 true
335 28,318 true
336 28,318 true
337 29,318 true
338 29,318 true
339 29,318 true
340 29,318 true
341 29,318 true
342 29,318 true
343 29,318 true
344 29,318 true
345 29,318 true
346 29,318 true
347 29,318 true
348 29,318 true
349 30,318 true
350 30,318 true
351 30,318 true
352 30,318 true
353 30,318 true
354 30,318 true
355 30,318 true
356 30,318 true
357 30,318 true
358 30,318 true
359 30,318 true
360 30,318 true
361 31,318 true
362 31,318 true
363 31,318 true
364 31,318 true
365 31,318 true
366 31,318 true
367 31,318 true
368 31,318 true
369 31,318 true
370 31,318 true
371 31,318 true
372 31,318 true
373 32,318 true
374 32,318 true
375 32,318 true
376 32,318 true
377 32,318 true
378 32,318 true
379 32,318 true
380 32,318 true
381 32,318 true
382 32,318 true
383 32,318 true
384 32,318 true
385 33,318 true
386 33,318 true
387 33,318 true
388 33,318 true
389 33,318 true
390 33,318 true
391 33,318 true
392 33,318 true
393 33,318 true
394 33,318 true
395 33,318 true
396 33,318 true
397 34,318 true
398 34,318 true
399 34,318 true
400 34,318 true
401 34,318 true
402 34,318 true
403 34,318 true
404 34,318 true
405 34,318 true
406 34,318 true
407 34,318 true
408 34,318 true
409 35,318 true
410 35,318 true
411 35,318 true
412 35,318 true
413 35,318 true
414 35,318 true
415 35,318 true
416 35,318 true
417 35,318 true
418 35,318 true
419 35,318 true
420 35,318 true
421 36,318 true
422 36,318 true
423 36,318 true
424 36,318 true
425 36,318 true
426 36,318 true
427 36,318 true
428 36,318 true
429 36,318 true
430 36,318 true
431 36,318 true
432 36,318 true
433 37,318 true
434 37,318 true
435 37,318 true
436 37,318 true
437 37,318 true
438 37,318 true
439 37,318 true
440 37,318 true
441 37,318 true
442 37,318 true
443 37,318 true
444 37,318 true
445 38,318 true
446 38,318 true
447 38,318 true
448 38,318 true
449 38,318 true
450 38,318 true
451 38,318 true
452 38,318 true
453 38,318 true
454 38,318 true
455 38,318 true
456 38,318 true
457 39,318 true
458 39,318 true
459 39,318 true
460 39,318 true
461 39,318 true
462 39,318 true
463 39,318 true
464 39,318 true
465 39,318 true
466 39,318 true
467 39,318 true
468 39,318 true
469 40,318 true
470 40,318 true
471 40,318 true
472 40,318 true
473 40,318 true
474 40,318 true
475 40,318 true
476 40,318 true
477 40,318 true
478 40,318 true
479 40,318 true
480 40,318 true
481 41,318 true
482 41,318 true
483 41,318 true
484 41,318 true
485 41,318 true
486 41,318 true
487 41,318 true
488 41,318 true
489 41,318 true
490 41,318 true
491 41,318 true
492 41,318 true
493 42,318 true
494 42,318 true
495 42,318 true
496 42,318 true
497 42,318 true
498 42,318 true
499 42,318 true
500 42,318 true
501 42,318 true
502 42,318 true
503 42,318 true
504 42,318 true
505 43,318 true
506 43,318 true
507 43,318 true
508 43,318 true
509 43,318 true
510 43,318 true
511 43,318 true
512 43,318 true
513 43,318 true
514 43,318 true
515 43,318 true
516 43,318 true
517 44,318 true
518 44,318 true
519 44,318 true
520 44,318 true
521 44,318 true
522 44,318 true
523 44,318 true
524 44,318 true
525 44,318 true
526 44,318 true
527 44,318 true
528 44,318 true
529 45,318 true
530 45,318 true
531 45,318 true
532 45,318 true
533 45,318 true
534 45,318 true
535 45,318 true
536 45,318 true
537 45,318 true
538 45,318 true
539 45,318 true
540 45,318 true
541 46,318 true
542 46,318 true
543 46,318 true
544 46,318 true
545 46,318 true
546 46,318 true
547 46,318 true
548 46,318 true
549 46,318 true
550 46,318 true
551 46,318 true
552 46,318 true
553 47,318 true
554 47,318 true
555 47,318 true
556 47,318 true
557 47,318 true
558 47,318 true
559 47,318 true
560 47,318 true
561 47,318 true
562 47,318 true
563 47,318 true
564 47,318 true
565 48,318 true
566 48,318 true
567 48,318 true
568 48,318 true
569 48,318 true
570 48,318 true
571 48,318 true
572 48,318 true
573 48,318 true
574 48,318 true
575 48,318 true
576 48,318 true
577 49,318 true
578 49,318 true
579 49,318 true
580 49,318 true
581 49,318 true
582 49,318 true
583 49,318 true
584 49,318 true
585 49,318 true
586 49,318 true
587 49,318 true
588 49,318 true
589 50,318 true
590 50,318 true
591 50,318 true
592 50,318 true
593 50,318 true
594 50,318 true
595 50,318 true
596 50,318 true
597 50,318 true
598 50,318 true
599 50,318 true
600 50,318 true
601 51,318 true
602 51,318 true
603 51,318 true
604 51,318 true
605 51,318 true
606 51,318 true
607 51,318 true
608 51,318 true
609 51,318 true
610 51,318 true
611 51,318 true
612 51,318 true
613 52,318 true
614 52,318 true
615 52,318 true
616 52,318 true
617 52,318 true
618 52,318 true
619 52,318 true
620 52,318 true
621 52,318 true
622 52,318 true
623 52,318 true
624 52,318 true
625 53,318 true
626 53,318 true
627 53,318 true
628 53,318 true
629 53,318 true
630 53,318 true
631 53,318 true
632 53,318 true
633 53,318 true
634 53,318 true
635 53,318 true
636 53,318 true
637 54,318 true
638 54,318 true
639 54,318 true
640 54,318 true
641 54,318 true
642 54,318 true
643 54,318 true
644 54,318 true
645 54,318 true
646 54,318 true
647 54,318 true
648 54,318 true
649 55,318 true
650 55,318 true
651 55,318 true
652 55,318 true
653 55,318 true
654 55,318 true
655 55,318 true
656 55,318 true
657 55,318 true
658 55,318 true
659 55,318 true
660 55,318 true
661 56,318 true
662 56,318 true
663 56,318 true
664 56,318 true
665 56,318 true
666 56,318 true
667 56,318 true
668 56,318 true
669 56,318 true
670 56,318 true
671 56,318 true
672 56,318 true
673 57,318 true
674 57,318 true
675 57,318 true
676 57,318 true
677 57,318 true
678 57,318 true
679 57,318 true
680 57,318 true
681 57,318 true
682 57,318 true
683 57,318 true
684 57,318 true
685 58,318 true
686 58,318 true
687 58,318 true
688 58,318 true
689 58,318 true
690 58,318 true
691 58,318 true
692 58,318 true
693 58,318 true
694 58,318 true
695 58,318 true
696 58,318 true
697 59,318 true
698 59,318 true
699 59,318 true
700 59,318 true
701 59,318 true
702 59,318 true
703 59,318 true
704 59,318 true
705 59,318 true
706 59,318 true
707 59,318 true
708 59,318 true
709 60,318 true
710 60,318 true
711 60,318 true
712 60,318 true
713 60,318 true
714 60,318 true
715 60,318 true
716 60,318 true
717 60,318 true
718 60,318 true
719 60,318 true
720 60,318 true
721 61,318 true
722 61,318 true
723 61,318 true
724 61,318 true
725 61,318 true
726 61,318 true
727 61,318 true
728 61,318 true
729 61,318 true
730 61,318 true
731 61,318 true
732 61,318 true
733 62,318 true
734 62,318 true
735 62,318 true
736 62,318 true
737 62,318 true
738 62,318 true
739 62,318 true
740 62,318 true
741 62,318 true
742 62,318 true
743 62,318 true
744 62,318 true
745 63,318 true
746 63,318 true
747 63,318 true
748 63,318 true
749 63,318 true
750 63,318 true
751 63,318 true
752 63,318 true
753 63,318 true
754 63,318 true
755 63,318 true
756 63,318 true
757 64,318 true
758 64,318 true
759 64,318 true
760 64,318 true
761 64,318 true
762 64,318 true
763 64,318 true
764 64,318 true
765 64,318 true
766 64,318 true
767 64,318 true
768 64,318 true
769 65,318 true
770 65,318 true
771 65,318 true
772 65,318 true
773 65,318 true
774 65,318 true
775 65,318 true
776 65,318 true
777 65,318 true
778 65,318 true
779 65,318 true
780 65,318 true
781 66,318 true
782 66,318 true
783 66,318 true
784 66,318 true
785 66,318 true
786 66,318 true
787 66,318 true
788 66,318 true
789 66,318 true
790 66,318 true
791 66,318 true
792 66,318 true
793 67,318 true
794 67,318 true
795 67,318 true
796 67,318 true
797 67,318 true
798 67,318 true
799 67,318 true
800 67,318 true
801 67,318 true
802 67,318 true
803 67,318 true
804 67,318 true
805 68,318 true
806 68,318 true
807 68,318 true
808 68,318 true
809 68,318 true
810 68,318 true
811 68,318 true
812 68,318 true
813 68,318 true
814 68,318 true
815 68,318 true
816 68,318 true
817 69,318 true
818 69,318 true
819 69,318 true
820 69,318 true
821 69,318 true
822 69,318 true
823 69,318 true
824 69,318 true
825 69,318 true
826 69,318 true
827 69,318 true
828 69,318 true
829 70,318 true
830 70,318 true
831 70,318 true
832 70,318 true
833 70,318 true
834 70,318 true
835 70,318 true
836 70,318 true
837 70,318 true
838 70,318 true
839 70,318 true
840 70,318 true
841 71,318 true
842 71,318 true
843 71,318 true
844 71,318 true
845 71,318 true
846 71,318 true
847 71,318 true
848 71,318 true
849 71,318 true
850 71,318 true
851 71,318 true
852 71,318 true
853 72,318 true
854 72,318 true
855 72,318 true
856 72,318 true
857 72,318 true
858 72,318 true
859 72,318 true
860 72,318 true
861 72,318 true
862 72,318 true
863 72,318 true
864 72,318 true
865 73,318 true
866 73,318 true
867 73,318 true
868 73,318 true
869 73,318 true
870 73,318 true
871 73,318 true
872 73,318 true
873 73,318 true
874 73,318 true
875 73,318 true
876 73,318 true
877 74,318 true
878 74,318 true
879 74,318 true
880 74,318 true
881 74,318 true
882 74,318 true
883 74,318 true
884 74,318 true
885 74,318 true
886 74,318 true
887 74,318 true
888 74,318 true
889 75,318 true
890 75,318 true
891 75,318 true
892 75,318 true
893 75,318 true
894 75,318 true
895 75,318 true
896 75,318 true
897 75,318 true
898 75,318 true
899 75,318 true
900 75,318 true
901 76,318 true
902 76,318 true
903 76,318 true
904 76,318 true
905 76,318 true
906 76,318 true
907 76,318 true
908 76,318 true
909 76,318 true
910 76,318 true
911 76,318 true
912 76,318 true
913 77,318 true
914 77,318 true
915 77,318 true
916 77,318 true
917 77,318 true
918 77,318 true
919 77,318 true
920 77,318 true
921 77,318 true
922 77,318 true
923 77,318 true
924 77,318 true
925 78,318 true
926 78,318 true
927 78,318 true
928 78,318 true
929 78,318 true
930 78,318 true
931 78,318 true
932 78,318 true
933 78,318 true
934 78,318 true
935 78,318 true
936 78,318 true
937 79,318 true
938 79,318 true
939 79,318 true
940 79,318 true
941 79,318 true
942 79,318 true
943 79,318 true
944 79,318 true
945 79,318 true
946 79,318 true
947 79,318 true
948 79,318 true
949 80,318 true
950 80,318 true
951 80,318 true
952 80,318 true
953 80,318 true
954 80,318 true
955 80,318 true
956 80,318 true
957 80,318 true
958 80,318 true
959 80,318 true
960 80,318 true
961 81,318 true
962 81,318 true
963 81,318 true
964 81,318 true
965 81,318 true
966 81,318 true
967 81,318 true
968 81,318 true
969 81,318 true
970 81,318 true
971 81,318 true
972 81,318 true
973 82,318 true
974 82,318 true
975 82,318 true
976 82,318 true
977 82,318 true
978 82,318 true
979 82,318 true
980 82,318 true
981 82,318 true
982 82,318 true
983 82,318 true
984 82,318 true
985 83,318 true
986 83,318 true
987 83,318 true
988 83,318 true
989 83,318 true
990 83,318 true
991 83,318 true
992 83,318 true
993 83,318 true
994 83,318 true
995 83,318 true
996 83,318 true
997 84,318 true
998 84,318 true
999 84,318 true
1000 84,318 true
1001 84,318 true
1002 84,318 true
1003 84,318 true
1004 84,318 true
1005 84,318 true
1006 84,318 true
1007 84,318 true
1008 84,318 true
1009 85,318 true
1010 85,318 true
1011 85,318 true
1012 85,318 true
1013 85,318 true
1014 85,318 true
1015 85,318 true
1016 85,318 true
1017 85,318 true
1018 85,318 true
1019 85,318 true
1020 85,318 true
1021 86,318 true
1022 86,318 true
1023 86,318 true
1024 86,318 true
1025 86,318 true
1026 86,318 true
1027 86,318 true
1028 86,318 true
1029 86,318 true
1030 86,318 true
1031 86,318 true
1032 86,318 true
1033 87,318 true
1034 87,318 true
1035 87,318 true
1036 87,318 true
1037 87,318 true
1038 87,318 true
1039 87,318 true
1040 87,318 true
1041 87,318 true
1042 87,318 true
1043 87,318 true
1044 87,318 true
1045 88,318 true
1046 88,318 true
1047 88,318 true
1048 88,318 true
1049 88,318 true
1050 88,318 true
1051 88,318 true
1052 88,318 true
1053 88,318 true
1054 88,318 true
1055 88,318 true
1056 88,318 true
1057 89,318 true
1058 89,318 true
1059 89,318 true
1060 89,318 true
1061 89,318 true
1062 89,318 true
1063 89,318 true
1064 89,318 true
1065 89,318 true
1066 89,318 true
1067 89,318 true
1068 89,318 true
1069 90,318 true
1070 90,318 true
1071 90,318 true
1072 90,318 true
1073 90,318 true
1074 90,318 true
1075 90,318 true
1076 90,318 true
1077 90,318 true
1078 90,318 true
1079 90,318 true
1080 90,318 true
1081 91,318 true
1082 91,318 true
1083 91,318 true
1084 91,318 true
1085 91,318 true
1086 91,318 true
1087 91,318 true
1088 91,318 true
1089 91,318 true
1090 91,318 true
1091 91,318 true
1092 91,318 true
1093 92,318 true
1094 92,318 true
1095 92,318 true
1096 92,318 true
1097 92,318 true
1098 92,318 true
1099 92,318 true
1100 92,318 true
1101 92,318 true
1102 92,318 true
1103 92,318 true
1104 92,318 true
1105 93,318 true
1106 93,318 true
1107 93,318 true
1108 93,318 true
1109 93,318 true
1110 93,318 true
1111 93,318 true
1112 93,318 true
1113 93,318 true
1114 93,318 true
1115 93,318 true
1116 93,318 true
1117 94,318 true
1118 94,318 true
1119 94,318 true
1120 94,318 true
1121 94,318 true
1122 94,318 true
1123 94,318 true
1124 94,318 true
1125 94,318 true
1126 94,318 true
1127 94,318 true
1128 94,318 true
1129 95,318 true
1130 95,318 true
1131 95,318 true
1132 95,318 true
1133 95,318 true
1134 95,318 true
1135 95,318 true
1136 95,318 true
1137 95,318 true
1138 95,318 true
1139 95,318 true
1140 95,318 true
1141 96,318 true
1142 96,318 true
1143 96,318 true
1144 96,318 true
1145 96,318 true
1146 96,318 true
1147 96,318 true
1148 96,318 true
1149 96,318 true
1150 96,318 true
1151 96,318 true
1152 96,318 true
1153 97,318 true
1154 97,318 true
1155 97,318 true
1156 97,318 true
1157 97,318 true
1158 97,318 true
1159 97,318 true
1160 97,318 true
1161 97,318 true
1162 97,318 true
1163 97,318 true
1164 97,318 true
1165 98,318 true
1166 98,318 true
1167 98,318 true
1168 98,318 true
1169 98,318 true
1170 98,318 true
1171 98,318 true
1172 98,318 true
1173 98,318 true
1174 98,318 true
1175 98,318 true
1176 98,318 true
1177 99,318 true
1178 99,318 true
1179 99,318 true
1180 99,318 true
1181 99,318 true
1182 99,318 true
1183 99,318 true
1184 99,318 true
1185 99,318 true
1186 99,318 true
1187 99,318 true
1188 99,318 true
1189 100,318 true
1190 100,318 true
1191 100,318 true
1192 100,318 true
1193 100,318 true
1194 100,318 true
1195 100,318 true
1196 100,318 true
1197 100,318 true
1198 100,318 true
1199 100,318 true
1200 100,318 true
1201 101,318 true
1202 101,318 true
1203 101,318 true
1204 101,318 true
1205 101,318 true
1206 101,318 true
1207 101,318 true
1208 101,318 true
1209 101,318 true
1210 101,318 true
1211 101,318 true
1212 101,318 true
1213 102,318 true
1214 102,318 true
1215 102,318 true
1216 102,318 true
1217 102,318 true
1218 102,318 true
1219 102,318 true
1220 102,318 true
1221 102,318 true
1222 102,318 true
1223 102,318 true
1224 102,318 true
1225 103,318 true
1226 103,318 true
1227 103,318 true
1228 103,318 true
1229 103,318 true
1230 103,318 true
1231 103,318 true
1232 103,318 true
1233 103,318 true
1234 103,318 true
1235 103,318 true
1236 103,318 true
1237 104,318 true
1238 104,318 true
1239 104,318 true
1240 104,318 true
1241 104,318 true
1242 104,318 true
1243 104,318 true
1244 104,318 true
1245 104,318 true
1246 104,318 true
1247 104,318 true
1248 104,318 true
1249 105,318 true
1250 105,318 true
1251 105,318 true
1252 105,318 true
1253 105,318 true
1254 105,318 true
1255 105,318 true
1256 105,318 true
1257 105,318 true
1258 105,318 true
1259 105,318 true
1260 105,318 true
1261 106,318 true
1262 106,318 true
1263 106,318 true
1264 106,318 true
1265 106,318 true
1266 106,318 true
1267 106,318 true
1268 106,318 true
1269 106,318 true
1270 106,318 true
1271 106,318 true
1272 106,318 true
1273 107,318 true
1274 107,318 true
1275 107,318 true
1276 107,318 true
1277 107,318 true
1278 107,318 true
1279 107,318 true
1280 107,318 true
1281 107,318 true
1282 107,318 true
1283 107,318 true
1284 107,318 true
1285 108,318 true
1286 108,318 true
1287 108,318 true
1288 108,318 true
1289 108,318 true
1290 108,318 true
1291 108,318 true
1292 108,318 true
1293 108,318 true
1294 108,318 true
1295 108,318 true
1296 108,318 true
1297 109,318 true
1298 109,318 true
1299 109,318 true
1300 109,318 true
1301 109,318 true
1302 109,318 true
1303 109,318 true
1304 109,318 true
1305 109,318 true
1306 109,318 true
1307 109,318 true
1308 109,318 true
1309 110,318 true
1310 110,318 true
1311 110,318 true
1312 110,318 true
1313 110,318 true
1314 110,318 true
1315 110,318 true
1316 110,318 true
1317 110,318 true
1318 110,318 true
1319 110,318 true
1320 110,318 true
1321 111,318 true
1322 111,318 true
1323 111,318 true
1324 111,318 true
1325 111,318 true
1326 111,318 true
1327 111,318 true
1328 111,318 true
1329 111,318 true
1330 111,318 true
1331 111,318 true
1332 111,318 true
1333 112,318 true
1334 112,318 true
1335 112,318 true
1336 112,318 true
1337 112,318 true
1338 112,318 true
1339 112,318 true
1340 112,318 true
1341 112,318 true
1342 112,318 true
1343 112,318 true
1344 112,318 true
1345 113,318 true
1346 113,318 true
1347 113,318 true
1348 113,318 true
1349 113,318 true
1350 113,318 true
1351 113,318 true
1352 113,318 true
1353 113,318 true
1354 113,318 true
1355 113,318 true
1356 113,318 true
1357 114,318 true
1358 114,318 true
1359 114,318 true
1360 114,318 true
1361 114,318 true
1362 114,318 true
1363 114,318 true
1364 114,318 true
1365 114,318 true
1366 114,318 true
1367 114,318 true
1368 114,318 true
1369 115,318 true
1370 115,318 true
1371 115,318 true
1372 115,318 true
1373 115,318 true
1374 115,318 true
1375 115,318 true
1376 115,318 true
1377 115,318 true
1378 115,318 true
1379 115,318 true
1380 115,318 true
1381 116,318 true
1382 116,318 true
1383 116,318 true
1384 116,318 true
1385 116,318 true
1386 116,318 true
1387 116,318 true
1388 116,318 true
1389 116,318 true
1390 116,318 true
1391 116,318 true
1392 116,318 true
1393 117,318 true
1394 117,318 true
1395 117,318 true
1396 117,318 true
1397 117,318 true
1398 117,318 true
1399 117,318 true
1400 117,318 true
1401 117,318 true
1402 117,318 true
1403 117,318 true
1404 117,318 true
1405 118,318 true
1406 118,318 true
1407 118,318 true
1408 118,318 true
1409 118,318 true
1410 118,318 true
1411 118,318 true
1412 118,318 true
1413 118,318 true
1414 118,318 true
1415 118,318 true
1416 118,318 true
1417 119,318 true
1418 119,318 true
1419 119,318 true
1420 119,318 true
1421 119,318 true
1422 119,318 true
1423 119,318 true
1424 119,318 true
1425 119,318 true
1426 119,318 true
1427 119,318 true
1428 119,318 true
1429 120,318 true
1430 120,318 true
1431 120,318 true
1432 120,318 true
1433 120,318 true
1434 120,318 true
1435 120,318 true
1436 120,318 true
1437 120,318 true
1438 120,318 true
1439 120,318 true
1440 120,318 true
1441 121,318 true
1442 121,318 true
1443 121,318 true
1444 121,318 true
1445 121,318 true
1446 121,318 true
1447 121,318 true
1448 121,318 true
1449 121,318 true
1450 121,318 true
1451 121,318 true
1452 121,318 true
1453 122,318 true
1454 122,318 true
1455 122,318 true
1456 122,318 true
1457 122,318 true
1458 122,318 true
1459 122,318 true
1460 122,318 true
1461 122,318 true
1462 122,318 true
1463 122,318 true
1464 122,318 true
1465 123,318 true
1466 123,318 true
1467 123,318 true
1468 123,318 true
1469 123,318 true
1470 123,318 true
1471 123,318 true
1472 123,318 true
1473 123,318 true
1474 123,318 true
1475 123,318 true
1476 123,318 true
1477 124,318 true
1478 124,318 true
1479 124,318 true
1480 124,318 true
1481 124,318 true
1482 124,318 true
1483 124,318 true
1484 124,318 true
1485 124,318 true
1486 124,318 true
1487 124,318 true
1488 124,318 true
1489 125,318 true
1490 125,318 true
1491 125,318 true
1492 125,318 true
1493 125,318 true
1494 125,318 true
1495 125,318 true
1496 125,318 true
1497 125,318 true
1498 125,318 true
1499 125,318 true
1500 125,318 true
1501 126,318 true
1502 126,318 true
1503 126,318 true
1504 126,318 true
1505 126,318 true
1506 126,318 true
1507 126,318 true
1508 126,318 true
1509 126,318 true
1510 126,318 true
1511 126,318 true
1512 126,318 true
1513 127,318 true
1514 127,318 true
1515 127,318 true
1516 127,318 true
1517 127,318 true
1518 127,318 true
1519 127,318 true
1520 127,318 true
1521 127,318 true
1522 127,318 true
1523 127,318 true
1524 127,318 true
1525 128,318 true
1526 128,318 true
1527 128,318 true
1528 128,318 true
1529 128,318 true
1530 128,318 true
1531 128,318 true
1532 128,318 true
1533 128,318 true
1534 128,318 true
1535 128,318 true
1536 128,318 true
1537 129,318 true
1538 129,318 true
1539 129,318 true
1540 129,318 true
1541 129,318 true
1542 129,318 true
1543 129,318 true
1544 129,318 true
1545 129,318 true
1546 129,318 true
1547 129,318 true
1548 129,318 true
1549 130,318 true
1550 130,318 true
1551 130,318 true
1552 130,318 true
1553 130,318 true
1554 130,318 true
1555 130,318 true
1556 130,318 true
1557 130,318 true
1558 130,318 true
1559 130,318 true
1560 130,318 true
1561 131,318 true
1562 131,318 true
1563 131,318 true
1564 131,318 true
1565 131,318 true
1566 131,318 true
1567 131,318 true
1568 131,318 true
1569 131,318 true
1570 131,318 true
1571 131,318 true
1572 131,318 true
1573 132,318 true
1574 132,318 true
1575 132,318 true
1576 132,318 true
1577 132,318 true
1578 132,318 true
1579 132,318 true
1580 132,318 true
1581 132,318 true
1582 132,318 true
1583 132,318 true
1584 132,318 true
1585 133,318 true
1586 133,318 true
1587 133,318 true
1588 133,318 true
1589 133,318 true
1590 133,318 true
1591 133,318 true
1592 133,318 true
1593 133,318 true
1594 133,318 true
1595 133,318 true
1596 133,318 true
1597 134,318 true
1598 134,318 true
1599 134,318 true
1600 134,318 true
1601 134,318 true
1602 134,318 true
1603 134,318 true
1604 134,318 true
1605 134,318 true
1606 134,318 true
1607 134,318 true
1608 134,318 true
1609 135,318 true
1610 135,318 true
1611 135,318 true
1612 135,318 true
1613 135,318 true
1614 135,318 true
1615 135,318 true
1616 135,318 true
1617 135,318 true
1618 135,318 true
1619 135,318 true
1620 135,318 true
1621 136,318 true
1622 136,318 true
1623 136,318 true
1624 136,318 true
1625 136,318 true
1626 136,318 true
1627 136,318 true
1628 136,318 true
1629 136,318 true
1630 136,318 true
1631 136,318 true
1632 136,318 true
1633 137,318 true
1634 137,318 true
1635 137,318 true
1636 137,318 true
1637 137,318 true
1638 137,318 true
1639 137,318 true
1640 137,318 true
1641 137,318 true
1642 137,318 true
1643 137,318 true
1644 137,318 true
1645 138,318 true
1646 138,318 true
1647 138,318 true
1648 138,318 true
1649 138,318 true
1650 138,318 true
1651 138,318 true
1652 138,318 true
1653 138,318 true
1654 138,318 true
1655 138,318 true
1656 138,318 true
1657 139,318 true
1658 139,318 true
1659 139,318 true
1660 139,318 true
1661 139,318 true
1662 139,318 true
1663 139,318 true
1664 139,318 true
1665 139,318 true
1666 139,318 true
1667 139,318 true
1668 139,318 true
1669 140,318 true
1670 140,318 true
1671 140,318 true
1672 140,318 true
1673 140,318 true
1674 140,318 true
1675 140,318 true
1676 140,318 true
1677 140,318 true
1678 140,318 true
1679 140,318 true
1680 140,318 true
1681 141,318 true
1682 141,318 true
1683 141,318 true
1684 141,318 true
1685 141,318 true
1686 141,318 true
1687 141,318 true
1688 141,318 true
1689 141,318 true
1690 141,318 true
1691 141,318 true
1692 141,318 true
1693 142,318 true
1694 142,318 true
1695 142,318 true
1696 142,318 true
1697 142,318 true
1698 142,318 true
1699 142,318 true
1700 142,318 true
1701 142,318 true
1702 142,318 true
1703 142,318 true
1704 142,318 true
1705 143,318 true
1706 143,318 true
1707 143,318 true
1708 143,318 true
1709 143,318 true
1710 143,318 true
1711 143,318 true
1712 143,318 true
1713 143,318 true
1714 143,318 true
1715 143,318 true
1716 143,318 true
1717 144,318 true
1718 144,318 true
1719 144,318 true
1720 144,318 true
1721 144,318 true
1722 144,318 true
1723 144,318 true
1724 144,318 true
1725 144,318 true
1726 144,318 true
1727 144,318 true
1728 144,318 true
1729 145,318 true
1730 145,318 true
1731 145,318 true
1732 145,318 true
1733 145,318 true
1734 145,318 true
1735 145,318 true
1736 145,318 true
1737 145,318 true
1738 145,318 true
1739 145,318 true
1740 145,318 true
1741 146,318 true
1742 146,318 true
1743 146,318 true
1744 146,318 true
1745 146,318 true
1746 146,318 true
1747 146,318 true
1748 146,318 true
1749 146,318 true
1750 146,318 true
1751 146,318 true
1752 146,318 true
1753 147,318 true
1754 147,318 true
1755 147,318 true
1756 147,318 true
1757 147,318 true
1758 147,318 true
1759 147,318 true
1760 147,318 true
1761 147,318 true
1762 147,318 true
1763 147,318 true
1764 147,318 true
1765 148,318 true
1766 148,318 true
1767 148,318 true
1768 148,318 true
1769 148,318 true
1770 148,318 true
1771 148,318 true
1772 148,318 true
1773 148,318 true
1774 148,318 true
1775 148,318 true
1776 148,318 true
1777 149,318 true
1778 149,318 true
1779 149,318 true
1780 149,318 true
1781 149,318 true
1782 149,318 true
1783 149,318 true
1784 149,318 true
1785 149,318 true
1786 149,318 true
1787 149,318 true
1788 149,318 true
1789 150,318 true
1790 150,318 true
1791 150,318 true
1792 150,318 true
1793 150,318 true
1794 150,318 true
1795 150,318 true
1796 150,318 true
1797 150,318 true
1798 150,318 true
1799 150,318 true
1800 150,318 true
1801 151,318 true
1802 151,318 true
1803 151,318 true
1804 151,318 true
1805 151,318 true
1806 151,318 true
1807 151,318 true
1808 151,318 true
1809 151,318 true
1810 151,318 true
1811 151,318 true
1812 151,318 true
1813 152,318 true
1814 152,318 true
1815 152,318 true
1816 152,318 true
1817 152,318 true
1818 152,318 true
1819 152,318 true
1820 152,318 true
1821 152,318 true
1822 152,318 true
1823 152,318 true
1824 152,318 true
1825 153,318 true
1826 153,318 true
1827 153,318 true
1828 153,318 true
1829 153,318 true
1830 153,318 true
1831 153,318 true
1832 153,318 true
1833 153,318 true
1834 153,318 true
1835 153,318 true
1836 153,318 true
1837 154,318 true
1838 154,318 true
1839 154,318 true
1840 154,318 true
1841 154,318 true
1842 154,318 true
1843 154,318 true
1844 154,318 true
1845 154,318 true
1846 154,318 true
1847 154,318 true
1848 154,318 true
1849 155,318 true
1850 155,318 true
1851 155,318 true
1852 155,318 true
1853 155,318 true
1854 155,318 true
1855 155,318 true
1856 155,318 true
1857 155,318 true
1858 155,318 true
1859 155,318 true
1860 155,318 true
1861 156,318 true
1862 156,318 true
1863 156,318 true
1864 156,318 true
1865 156,318 true
1866 156,318 true
1867 156,318 true
1868 156,318 true
1869 156,318 true
1870 156,318 true
1871 156,318 true
1872 156,318 true
1873 157,318 true
1874 157,318 true
1875 157,318 true
1876 157,318 true
1877 157,318 true
1878 157,318 true
1879 157,318 true
1880 157,318 true
1881 157,318 true
1882 157,318 true
1883 157,318 true
1884 157,318 true
1885 158,318 true
1886 158,318 true
1887 158,318 true
1888 158,318 true
1889 158,318 true
1890 158,318 true
1891 158,318 true
1892 158,318 true
1893 158,318 true
1894 158,318 true
1895 158,318 true
1896 158,318 true
1897 159,318 true
1898 159,318 true
1899 159,318 true
1900 159,318 true
1901 159,318 true
1902 159,318 true
1903 159,318 true
1904 159,318 true
1905 159,318 true
1906 159,318 true
1907 159,318 true
1908 159,318 true
1909 160,318 true
1910 160,318 true
1911 160,318 true
1912 160,318 true
1913 160,318 true
1914 160,318 true
1915 160,318 true
1916 160,318 true
1917 160,318 true
1918 160,318 true
1919 160,318 true
1920 160,318 true
1921 161,318 true
1922 161,318 true
1923 161,318 true
1924 161,318 true
1925 161,318 true
1926 161,318 true
1927 161,318 true
1928 161,318 true
1929 161,318 true
1930 161,318 true
1931 161,318 true
1932 161,318 true
1933 162,318 true
1934 162,318 true
1935 162,318 true
1936 162,318 true
1937 162,318 true
1938 162,318 true
1939 162,318 true
1940 162,318 true
1941 162,318 true
1942 162,318 true
1943 162,318 true
1944 162,318 true
1945 163,318 true
1946 163,318 true
1947 163,318 true
1948 163,318 true
1949 163,318 true
1950 163,318 true
1951 163,318 true
1952 163,318 true
1953 163,318 true
1954 163,318 true
1955 163,318 true
1956 163,318 true
1957 164,318 true
1958 164,318 true
1959 164,318 true
1960 164,318 true
1961 164,318 true
1962 164,318 true
1963 164,318 true
1964 164,318 true
1965 164,318 true
1966 164,318 true
1967 164,318 true
1968 164,318 true
1969 165,318 true
1970 165,318 true
1971 165,318 true
1972 165,318 true
1973 165,318 true
1974 165,318 true
1975 165,318 true
1976 165,318 true
1977 165,318 true
1978 165,318 true
1979 165,318 true
1980 165,318 true
1981 166,318 true
1982 166,318 true
1983 166,318 true
1984 166,318 true
1985 166,318 true
1986 166,318 true
1987 166,318 true
1988 166,318 true
1989 166,318 true
1990 166,318 true
1991 166,318 true
1992 166,318 true
1993 167,318 true
1994 167,318 true
1995 167,318 true
1996 167,318 true
1997 167,318 true
1998 167,318 true
1999 167,318 true
2000 167,318 true
2001 167,318 true
2002 167,318 true
2003 167,318 true
2004 167,318 true
2005 168,318 true
2006 168,318 true
2007 168,318 true
2008 168,318 true
2009 168,318 true
2010 168,318 true
2011 168,318 true
2012 168,318 true
2013 168,318 true
2014 168,318 true
2015 168,318 true
2016 168,318 true
2017 169,318 true
2018 169,318 true
2019 169,318 true
2020 169,318 true
2021 169,318 true
2022 169,318 true
2023 169,318 true
2024 169,318 true
2025 169,318 true
2026 169,318 true
2027 169,318 true
2028 169,318 true
2029 170,318 true
2030 170,318 true
2031 170,318 true
2032 170,318 true
2033 170,318 true
2034 170,318 true
2035 170,318 true
2036 170,318 true
2037 170,318 true
2038 170,318 true
2039 170,318 true
2040 170,318 true
2041 171,318 true
2042 171,318 true
2043 171,318 true
2044 171,318 true
2045 171,318 true
2046 171,318 true
2047 171,318 true
2048 171,318 true
2049 171,318 true
2050 171,318 true
2051 171,318 true
2052 171,318 true
2053 172,318 true
2054 172,318 true
2055 172,318 true
2056 172,318 true
2057 172,318 true
2058 172,318 true
2059 172,318 true
2060 172,318 true
2061 172,318 true
2062 172,318 true
2063 172,318 true
2064 172,318 true
2065 173,318 true
2066 173,318 true
2067 173,318 true
2068 173,318 true
2069 173,318 true
2070 173,318 true
2071 173,318 true
2072 173,318 true
2073 173,318 true
2074 173,318 true
2075 173,318 true
2076 173,318 true
2077 174,318 true
2078 174,318 true
2079 174,318 true
2080 174,318 true
2081 174,318 true
2082 174,318 true
2083 174,318 true
2084 174,318 true
2085 174,318 true
2086 174,318 true
2087 174,318 true
2088 174,318 true
2089 175,318 true
2090 175,318 true
2091 175,318 true
2092 175,318 true
2093 175,318 true
2094 175,318 true
2095 175,318 true
2096 175,318 true
2097 175,318 true
2098 175,318 true
2099 175,318 true
2100 175,318 true
2101 176,318 true
2102 176,318 true
2103 176,318 true
2104 176,318 true
2105 176,318 true
2106 176,318 true
2107 176,318 true
2108 176,318 true
2109 176,318 true
2110 176,318 true
2111 176,318 true
2112 176,318 true
2113 177,318 true
2114 177,318 true
2115 177,318 true
2116 177,318 true
2117 177,318 true
2118 177,318 true
2119 177,318 true
2120 177,318 true
2121 177,318 true
2122 177,318 true
2123 177,318 true
2124 177,318 true
2125 178,318 true
2126 178,318 true
2127 178,318 true
2128 178,318 true
2129 178,318 true
2130 178,318 true
2131 178,318 true
2132 178,318 true
2133 178,318 true
2134 178,318 true
2135 178,318 true
2136 178,318 true
2137 179,318 true
2138 179,318 true
2139 179,318 true
2140 179,318 true
2141 179,318 true
2142 179,318 true
2143 179,318 true
2144 179,318 true
2145 179,318 true
2146 179,318 true
2147 179,318 true
2148 179,318 true
2149 180,318 true
2150 180,318 true
2151 180,318 true
2152 180,318 true
2153 180,318 true
2154 180,318 true
2155 180,318 true
2156 180,318 true
2157 180,318 true
2158 180,318 true
2159 180,318 true
2160 180,318 true
2161 181,318 true
2162 181,318 true
2163 181,318 true
2164 181,318 true
2165 181,318 true
2166 181,318 true
2167 181,318 true
2168 181,318 true
2169 181,318 true
2170 181,318 true
2171 181,318 true
2172 181,318 true
2173 182,318 true
2174 182,318 true
2175 182,318 true
2176 182,318 true
2177 182,318 true
2178 182,318 true
2179 182,318 true
2180 182,318 true
2181 182,318 true
2182 182,318 true
2183 182,318 true
2184 182,318 true
2185 183,318 true
2186 183,318 true
2187 183,318 true
2188 183,318 true
2189 183,318 true
2190 183,318 true
2191 183,318 true
2192 183,318 true
2193 183,318 true
2194 183,318 true
2195 183,318 true
2196 183,318 true
2197 184,318 true
2198 184,318 true
2199 184,318 true
2200 184,318 true
2201 184,318 true
2202 184,318 true
2203 184,318 true
2204 184,318 true
2205 184,318 true
2206 184,318 true
2207 184,318 true
2208 184,318 true
2209 185,318 true
2210 185,318 true
2211 185,318 true
2212 185,318 true
2213 185,318 true
2214 185,318 true
2215 185,318 true
2216 185,318 true
2217 185,318 true
2218 185,318 true
2219 185,318 true
2220 185,318 true
2221 186,318 true
2222 186,318 true
2223 186,318 true
2224 186,318 true
2225 186,318 true
2226 186,318 true
2227 186,318 true
2228 186,318 true
2229 186,318 true
2230 186,318 true
2231 186,318 true
2232 186,318 true
2233 187,318 true
2234 187,318 true
2235 187,318 true
2236 187,318 true
2237 187,318 true
2238 187,318 true
2239 187,318 true
2240 187,318 true
2241 187,318 true
2242 187,318 true
2243 187,318 true
2244 187,318 true
2245 188,318 true
2246 188,318 true
2247 188,318 true
2248 188,318 true
2249 188,318 true
2250 188,318 true
2251 188,318 true
2252 188,318 true
2253 188,318 true
2254 188,318 true
2255 188,318 true
2256 188,318 true
2257 189,318 true
2258 189,318 true
2259 189,318 true
2260 189,318 true
2261 189,318 true
2262 189,318 true
2263 189,318 true
2264 189,318 true
2265 189,318 true
2266 189,318 true
2267 189,318 true
2268 189,318 true
2269 190,318 true
2270 190,318 true
2271 190,318 true
2272 190,318 true
2273 190,318 true
2274 190,318 true
2275 190,318 true
2276 190,318 true
2277 190,318 true
2278 190,318 true
2279 190,318 true
2280 190,318 true
2281 191,318 true
2282 191,318 true
2283 191,318 true
2284 191,318 true
2285 191,318 true
2286 191,318 true
2287 191,318 true
2288 191,318 true
2289 191,318 true
2290 191,318 true
2291 191,318 true
2292 191,318 true
2293 192,318 true
2294 192,318 true
2295 192,318 true
2296 192,318 true
2297 192,318 true
2298 192,318 true
2299 192,318 true
2300 192,318 true
2301 192,318 true
2302 192,318 true
2303 192,318 true
2304 192,318 true
2305 193,318 true
2306 193,318 true
2307 193,318 true
2308 193,318 true
2309 193,318 true
2310 193,318 true
2311 193,318 true
2312 193,318 true
2313 193,318 true
2314 193,318 true
2315 193,318 true
2316 193,318 true
2317 194,318 true
2318 194,318 true
2319 194,318 true
2320 194,318 true
2321 194,318 true
2322 194,318 true
2323 194,318 true
2324 194,318 true
2325 194,318 true
2326 194,318 true
2327 194,318 true
2328 194,318 true
2329 195,318 true
2330 195,318 true
2331 195,318 true
2332 195,318 true
2333 195,318 true
2334 195,318 true
2335 195,318 true
2336 195,318 true
2337 195,318 true
2338 195,318 true
2339 195,318 true
2340 195,318 true
2341 196,318 true
2342 196,318 true
2343 196,318 true
2344 196,318 true
2345 196,318 true
2346 196,318 true
2347 196,318 true
2348 196,318 true
2349 196,318 true
2350 196,318 true
2351 196,318 true
2352 196,318 true
2353 197,318 true
2354 197,318 true
2355 197,318 true
2356 197,318 true
2357 197,318 true
2358 197,318 true
2359 197,318 true
2360 197,318 true
2361 197,318 true
2362 197,318 true
2363 197,318 true
2364 197,318 true
2365 198,318 true
2366 198,318 true
2367 198,318 true
2368 198,318 true
2369 198,318 true
2370 198,318 true
2371 198,318 true
2372 198,318 true
2373 198,318 true
2374 198,318 true
2375 198,318 true
2376 198,318 true
2377 199,318 true
2378 199,318 true
2379 199,318 true
2380 199,318 true
2381 199,318 true
2382 199,318 true
2383 199,318 true
2384 199,318 true
2385 199,318 true
2386 199,318 true
2387 199,318 true
2388 199,318 true
2389 200,318 true
2390 200,318 true
2391 200,318 true
2392 200,318 true
2393 200,318 true
2394 200,318 true
2395 200,318 true
2396 200,318 true
2397 200,318 true
2398 200,318 true
2399 200,318 true
2400 200,318 true
2401 201,318 true
2402 201,318 true
2403 201,318 true
2404 201,318 true
2405 201,318 true
2406 201,318 true
2407 201,318 true
2408 201,318 true
2409 201,318 true
2410 201,318 true
2411 201,318 true
2412 201,318 true
2413 202,318 true
2414 202,318 true
2415 202,318 true
2416 202,318 true
2417 202,318 true
2418 202,318 true
2419 202,318 true
2420 202,318 true
2421 202,318 true
2422 202,318 true
2423 202,318 true
2424 202,318 true
2425 203,318 true
2426 203,318 true
2427 203,318 true
2428 203,318 true
2429 203,318 true
2430 203,318 true
2431 203,318 true
2432 203,318 true
2433 203,318 true
2434 203,318 true
2435 203,318 true
2436 203,318 true
2437 204,318 true
2438 204,318 true
2439 204,318 true
2440 204,318 true
2441 204,318 true
2442 204,318 true
2443 204,318 true
2444 204,318 true
2445 204,318 true
2446 204,318 true
2447 204,318 true
2448 204,318 true
2449 205,318 true
2450 205,318 true
2451 205,318 true
2452 205,318 true
2453 205,318 true
2454 205,318 true
2455 205,318 true
2456 205,318 true
2457 205,318 true
2458 205,318 true
2459 205,318 true
2460 205,318 true
2461 206,318 true
2462 206,318 true
2463 206,318 true
2464 206,318 true
2465 206,318 true
2466 206,318 true
2467 206,318 true
2468 206,318 true
2469 206,318 true
2470 206,318 true
2471 206,318 true
2472 206,318 true
2473 207,318 true
2474 207,318 true
2475 207,318 true
2476 207,318 true
2477 207,318 true
2478 207,318 true
2479 207,318 true
2480 207,318 true
2481 207,318 true
2482 207,318 true
2483 207,318 true
2484 207,318 true
2485 208,318 true
2486 208,318 true
2487 208,318 true
2488 208,318 true
2489 208,318 true
2490 208,318 true
2491 208,318 true
2492 208,318 true
2493 208,318 true
2494 208,318 true
2495 208,318 true
2496 208,318 true
2497 209,318 true
2498 209,318 true
2499 209,318 true
2500 209,318 true
2501 209,318 true
2502 209,318 true
2503 209,318 true
2504 209,318 true
2505 209,318 true
2506 209,318 true
2507 209,318 true
2508 209,318 true
2509 210,318 true
2510 210,318 true
2511 210,318 true
2512 210,318 true
2513 210,318 true
2514 210,318 true
2515 210,318 true
2516 210,318 true
2517 210,318 true
2518 210,318 true
2519 210,318 true
2520 210,318 true
2521 211,318 true
2522 211,318 true
2523 211,318 true
2524 211,318 true
2525 211,318 true
2526 211,318 true
2527 211,318 true
2528 211,318 true
2529 211,318 true
2530 211,318 true
2531 211,318 true
2532 211,318 true
2533 212,318 true
2534 212,318 true
2535 212,318 true
2536 212,318 true
2537 212,318 true
2538 212,318 true
2539 212,318 true
2540 212,318 true
2541 212,318 true
2542 212,318 true
2543 212,318 true
2544 212,318 true
2545 213,318 true
2546 213,318 true
2547 213,318 true
2548 213,318 true
2549 213,318 true
2550 213,318 true
2551 213,318 true
2552 213,318 true
2553 213,318 true
2554 213,318 true
2555 213,318 true
2556 213,318 true
2557 214,318 true
2558 214,318 true
2559 214,318 true
2560 214,318 true
2561 214,318 true
2562 214,318 true
2563 214,318 true
2564 214,318 true
2565 214,318 true
2566 214,318 true
2567 214,318 true
2568 214,318 true
2569 215,318 true
2570 215,318 true
2571 215,318 true
2572 215,318 true
2573 215,318 true
2574 215,318 true
2575 215,318 true
2576 215,318 true
2577 215,318 true
2578 215,318 true
2579 215,318 true
2580 215,318 true
2581 216,318 true
2582 216,318 true
2583 216,318 true
2584 216,318 true
2585 216,318 true
2586 216,318 true
2587 216,318 true
2588 216,318 true
2589 216,318 true
2590 216,318 true
2591 216,318 true
2592 216,318 true
2593 217,318 true
2594 217,318 true
2595 217,318 true
2596 217,318 true
2597 217,318 true
2598 217,318 true
2599 217,318 true
2600 217,318 true
2601 217,318 true
2602 217,318 true
2603 217,318 true
2604 217,318 true
2605 218,318 true
2606 218,318 true
2607 218,318 true
2608 218,318 true
2609 218,318 true
2610 218,318 true
2611 218,318 true
2612 218,318 true
2613 218,318 true
2614 218,318 true
2615 218,318 true
2616 218,318 true
2617 219,318 true
2618 219,318 true
2619 219,318 true
2620 219,318 true
2621 219,318 true
2622 219,318 true
2623 219,318 true
2624 219,318 true
2625 219,318 true
2626 219,318 true
2627 219,318 true
2628 219,318 true
2629 220,318 true
2630 220,318 true
2631 220,318 true
2632 220,318 true
2633 220,318 true
2634 220,318 true
2635 220,318 true
2636 220,318 true
2637 220,318 true
2638 220,318 true
2639 220,318 true
2640 220,318 true
2641 221,318 true
2642 221,318 true
2643 221,318 true
2644 221,318 true
2645 221,318 true
2646 221,318 true
2647 221,318 true
2648 221,318 true
2649 221,318 true
2650 221,318 true
2651 221,318 true
2652 221,318 true
2653 222,318 true
2654 222,318 true
2655 222,318 true
2656 222,318 true
2657 222,318 true
2658 222,318 true
2659 222,318 true
2660 222,318 true
2661 222,318 true
2662 222,318 true
2663 222,318 true
2664 222,318 true
2665 223,318 true
2666 223,318 true
2667 223,318 true
2668 223,318 true
2669 223,318 true
2670 223,318 true
2671 223,318 true
2672 223,318 true
2673 223,318 true
2674 223,318 true
2675 223,318 true
2676 223,318 true
2677 224,318 true
2678 224,318 true
2679 224,318 true
2680 224,318 true
2681 224,318 true
2682 224,318 true
2683 224,318 true
2684 224,318 true
2685 224,318 true
2686 224,318 true
2687 224,318 true
2688 224,318 true
2689 225,318 true
2690 225,318 true
2691 225,318 true
2692 225,318 true
2693 225,318 true
2694 225,318 true
2695 225,318 true
2696 225,318 true
2697 225,318 true
2698 225,318 true
2699 225,318 true
2700 225,318 true
2701 226,318 true
2702 226,318 true
2703 226,318 true
2704 226,318 true
2705 226,318 true
2706 226,318 true
2707 226,318 true
2708 226,318 true
2709 226,318 true
2710 226,318 true
2711 226,318 true
2712 226,318 true
2713 227,318 true
2714 227,318 true
2715 227,318 true
2716 227,318 true
2717 227,318 true
2718 227,318 true
2719 227,318 true
2720 227,318 true
2721 227,318 true
2722 227,318 true
2723 227,318 true
2724 227,318 true
2725 228,318 true
2726 228,318 true
2727 228,318 true
2728 228,318 true
2729 228,318 true
2730 228,318 true
2731 228,318 true
2732 228,318 true
2733 228,318 true
2734 228,318 true
2735 228,318 true
2736 228,318 true
2737 229,318 true
2738 229,318 true
2739 229,318 true
2740 229,318 true
2741 229,318 true
2742 229,318 true
2743 229,318 true
2744 229,318 true
2745 229,318 true
2746 229,318 true
2747 229,318 true
2748 229,318 true
2749 230,318 true
2750 230,318 true
2751 230,318 true
2752 230,318 true
2753 230,318 true
2754 230,318 true
2755 230,318 true
2756 230,318 true
2757 230,318 true
2758 230,318 true
2759 230,318 true
2760 230,318 true
2761 231,318 true
2762 231,318 true
2763 231,318 true
2764 231,318 true
2765 231,318 true
2766 231,318 true
2767 231,318 true
2768 231,318 true
2769 231,318 true
2770 231,318 true
2771 231,318 true
2772 231,318 true
2773 232,318 true
2774 232,318 true
2775 232,318 true
2776 232,318 true
2777 232,318 true
2778 232,318 true
2779 232,318 true
2780 232,318 true
2781 232,318 true
2782 232,318 true
2783 232,318 true
2784 232,318 true
2785 233,318 true
2786 233,318 true
2787 233,318 true
2788 233,318 true
2789 233,318 true
2790 233,318 true
2791 233,318 true
2792 233,318 true
2793 233,318 true
2794 233,318 true
2795 233,318 true
2796 233,318 true
2797 234,318 true
2798 234,318 true
2799 234,318 true
2800 234,318 true
2801 234,318 true
2802 234,318 true
2803 234,318 true
2804 234,318 true
2805 234,318 true
2806 234,318 true
2807 234,318 true
2808 234,318 true
2809 235,318 true
2810 235,318 true
2811 235,318 true
2812 235,318 true
2813 235,318 true
2814 235,318 true
2815 235,318 true
2816 235,318 true
2817 235,318 true
2818 235,318 true
2819 235,318 true
2820 235,318 true
2821 236,318 true
2822 236,318 true
2823 236,318 true
2824 236,318 true
2825 236,318 true
2826 236,318 true
2827 236,318 true
2828 236,318 true
2829 236,318 true
2830 236,318 true
2831 236,318 true
2832 236,318 true
2833 237,318 true
2834 237,318 true
2835 237,318 true
2836 237,318 true
2837 237,318 true
2838 237,318 true
2839 237,318 true
2840 237,318 true
2841 237,318 true
2842 237,318 true
2843 237,318 true
2844 237,318 true
2845 238,318 true
2846 238,318 true
2847 238,318 true
2848 238,318 true
2849 238,318 true
2850 238,318 true
2851 238,318 true
2852 238,318 true
2853 238,318 true
2854 238,318 true
2855 238,318 true
2856 238,318 true
2857 239,318 true
2858 239,318 true
2859 239,318 true
2860 239,318 true
2861 239,318 true
2862 239,318 true
2863 239,318 true
2864 239,318 true
2865 239,318 true
2866 239,318 true
2867 239,318 true
2868 239,318 true
2869 240,318 true
2870 240,318 true
2871 240,318 true
2872 240,318 true
2873 240,318 true
2874 240,318 true
2875 240,318 true
2876 240,318 true
2877 240,318 true
2878 240,318 true
2879 240,318 true
2880 240,318 true
2881 241,318 true
2882 241,318 true
2883 241,318 true
2884 241,318 true
2885 241,318 true
2886 241,318 true
2887 241,318 true
2888 241,318 true
2889 241,318 true
2890 241,318 true
2891 241,318 true
2892 241,318 true
2893 242,318 true
2894 242,318 true
2895 242,318 true
2896 242,318 true
2897 242,318 true
2898 242,318 true
2899 242,318 true
2900 242,318 true
2901 242,318 true
2902 242,318 true
2903 242,318 true
2904 242,318 true
2905 243,318 true
2906 243,318 true
2907 243,318 true
2908 243,318 true
2909 243,318 true
2910 243,318 true
2911 243,318 true
2912 243,318 true
2913 243,318 true
2914 243,318 true
2915 243,318 true
2916 243,318 true
2917 244,318 true
2918 244,318 true
2919 244,318 true
2920 244,318 true
2921 244,318 true
2922 244,318 true
2923 244,318 true
2924 244,318 true
2925 244,318 true
2926 244,318 true
2927 244,318 true
2928 244,318 true
2929 245,318 true
2930 245,318 true
2931 245,318 true
2932 245,318 true
2933 245,318 true
2934 245,318 true
2935 245,318 true
2936 245,318 true
2937 245,318 true
2938 245,318 true
2939 245,318 true
2940 245,318 true
2941 246,318 true
2942 246,318 true
2943 246,318 true
2944 246,318 true
2945 246,318 true
2946 246,318 true
2947 246,318 true
2948 246,318 true
2949 246,318 true
2950 246,318 true
2951 246,318 true
2952 246,318 true
2953 247,318 true
2954 247,318 true
2955 247,318 true
2956 247,318 true
2957 247,318 true
2958 247,318 true
2959 247,318 true
2960 247,318 true
2961 247,318 true
2962 247,318 true
2963 247,318 true
2964 247,318 true
2965 248,318 true
2966 248,318 true
2967 248,318 true
2968 248,318 true
2969 248,318 true
2970 248,318 true
2971 248,318 true
2972 248,318 true
2973 248,318 true
2974 248,318 true
2975 248,318 true
2976 248,318 true
2977 249,318 true
2978 249,318 true
2979 249,318 true
2980 249,318 true
2981 249,318 true
2982 249,318 true
2983 249,318 true
2984 249,318 true
2985 249,318 true
2986 249,318 true
2987 249,318 true
2988 249,318 true
2989 250,318 true
2990 250,318 true
2991 250,318 true
2992 250,318 true
2993 250,318 true
2994 250,318 true
2995 250,318 true
2996 250,318 true
2997 250,318 true
2998 250,318 true
2999 250,318 true
3000 250,318 true
3001 251,318 true
3002 251,318 true
3003 251,318 true
3004 251,318 true
3005 251,318 true
3006 251,318 true
3007 251,318 true
3008 251,318 true
3009 251,318 true
3010 251,318 true
3011 251,318 true
3012 251,318 true
3013 252,318 true
3014 252,318 true
3015 252,318 true
3016 252,318 true
3017 252,318 true
3018 252,318 true
3019 252,318 true
3020 252,318 true
3021 252,318 true
3022 252,318 true
3023 252,318 true
3024 252,318 true
3025 253,318 true
3026 253,318 true
3027 253,318 true
3028 253,318 true
3029 253,318 true
3030 253,318 true
3031 253,318 true
3032 253,318 true
3033 253,318 true
3034 253,318 true
3035 253,318 true
3036 253,318 true
3037 254,318 true
3038 254,318 true
3039 254,318 true
3040 254,318 true
3041 254,318 true
3042 254,318 true
3043 254,318 true
3044 254,318 true
3045 254,318 true
3046 254,318 true
3047 254,318 true
3048 254,318 true
3049 255,318 true
3050 255,318 true
3051 255,318 true
3052 255,318 true
3053 255,318 true
3054 255,318 true
3055 255,318 true
3056 255,318 true
3057 255,318 true
3058 255,318 true
3059 255,318 true
3060 255,318 true
3061 256,318 true
3062 256,318 true
3063 256,318 true
3064 256,318 true
3065 256,318 true
3066 256,318 true
3067 256,318 true
3068 256,318 true
3069 256,318 true
3070 256,318 true
3071 256,318 true
3072 256,318 true
3073 257,318 true
3074 257,318 true
3075 257,318 true
3076 257,318 true
3077 257,318 true
3078 257,318 true
3079 257,318 true
3080 257,318 true
3081 257,318 true
3082 257,318 true
3083 257,318 true
3084 257,318 true
3085 258,318 true
3086 258,318 true
3087 258,318 true
3088 258,318 true
3089 258,318 true
3090 258,318 true
3091 258,318 true
3092 258,318 true
3093 258,318 true
3094 258,318 true
3095 258,318 true
3096 258,318 true
3097 259,318 true
3098 259,318 true
3099 259,318 true
3100 259,318 true
3101 259,318 true
3102 259,318 true
3103 259,318 true
3104 259,318 true
3105 259,318 true
3106 259,318 true
3107 259,318 true
3108 259,318 true
3109 260,318 true
3110 260,318 true
3111 260,318 true
3112 260,318 true
3113 260,318 true
3114 260,318 true
3115 260,318 true
3116 260,318 true
3117 260,318 true
3118 260,318 true
3119 260,318 true
3120 260,318 true
3121 261,318 true
3122 261,318 true
3123 261,318 true
3124 261,318 true
3125 261,318 true
3126 261,318 true
3127 261,318 true
3128 261,318 true
3129 261,318 true
3130 261,318 true
3131 261,318 true
3132 261,318 true
3133 262,318 true
3134 262,318 true
3135 262,318 true
3136 262,318 true
3137 262,318 true
3138 262,318 true
3139 262,318 true
3140 262,318 true
3141 262,318 true
3142 262,318 true
3143 262,318 true
3144 262,318 true
3145 263,318 true
3146 263,318 true
3147 263,318 true
3148 263,318 true
3149 263,318 true
3150 263,318 true
3151 263,318 true
3152 263,318 true
3153 263,318 true
3154 263,318 true
3155 263,318 true
3156 263,318 true
3157 264,318 true
3158 264,318 true
3159 264,318 true
3160 264,318 true
3161 264,318 true
3162 264,318 true
3163 264,318 true
3164 264,318 true
3165 264,318 true
3166 264,318 true
3167 264,318 true
3168 264,318 true
3169 265,318 true
3170 265,318 true
3171 265,318 true
3172 265,318 true
3173 265,318 true
3174 265,318 true
3175 265,318 true
3176 265,318 true
3177 265,318 true
3178 265,318 true
3179 265,318 true
3180 265,318 true
3181 266,318 true
3182 266,318 true
3183 266,318 true
3184 266,318 true
3185 266,318 true
3186 266,318 true
3187 266,318 true
3188 266,318 true
3189 266,318 true
3190 266,318 true
3191 266,318 true
3192 266,318 true
3193 267,318 true
3194 267,318 true
3195 267,318 true
3196 267,318 true
3197 267,318 true
3198 267,318 true
3199 267,318 true
3200 267,318 true
3201 267,318 true
3202 267,318 true
3203 267,318 true
3204 267,318 true
3205 268,318 true
3206 268,318 true
3207 268,318 true
3208 268,318 true
3209 268,318 true
3210 268,318 true
3211 268,318 true
3212 268,318 true
3213 268,318 true
3214 268,318 true
3215 268,318 true
3216 268,318 true
3217 269,318 true
3218 269,318 true
3219 269,318 true
3220 269,318 true
3221 269,318 true
3222 269,318 true
3223 269,318 true
3224 269,318 true
3225 269,318 true
3226 269,318 true
3227 269,318 true
3228 269,318 true
3229 270,318 true
3230 270,318 true
3231 270,318 true
3232 270,318 true
3233 270,318 true
3234 270,318 true
3235 270,318 true
3236 270,318 true
3237 270,318 true
3238 270,318 true
3239 270,318 true
3240 270,318 true
3241 271,318 true
3242 271,318 true
3243 271,318 true
3244 271,318 true
3245 271,318 true
3246 271,318 true
3247 271,318 true
3248 271,318 true
3249 271,318 true
3250 271,318 true
3251 271,318 true
3252 271,318 true
3253 272,318 true
3254 272,318 true
3255 272,318 true
3256 272,318 true
3257 272,318 true
3258 272,318 true
3259 272,318 true
3260 272,318 true
3261 272,318 true
3262 272,318 true
3263 272,318 true
3264 272,318 true
3265 273,318 true
3266 273,318 true
3267 273,318 true
3268 273,318 true
3269 273,318 true
3270 273,318 true
3271 273,318 true
3272 273,318 true
3273 273,318 true
3274 273,318 true
3275 273,318 true
3276 273,318 true
3277 274,318 true
3278 274,318 true
3279 274,318 true
3280 274,318 true
3281 274,318 true
3282 274,318 true
3283 274,318 true
3284 274,318 true
3285 274,318 true
3286 274,318 true
3287 274,318 true
3288 274,318 true
3289 275,318 true
3290 275,318 true
3291 275,318 true
3292 275,318 true
3293 275,318 true
3294 275,318 true
3295 275,318 true
3296 275,318 true
3297 275,318 true
3298 275,318 true
3299 275,318 true
3300 275,318 true
3301 276,318 true
3302 276,318 true
3303 276,318 true
3304 276,318 true
3305 276,318 true
3306 276,318 true
3307 276,318 true
3308 276,318 true
3309 276,318 true
3310 276,318 true
3311 276,318 true
3312 276,318 true
3313 277,318 true
3314 277,318 true
3315 277,318 true
3316 277,318 true
3317 277,318 true
3318 277,318 true
3319 277,318 true
3320 277,318 true
3321 277,318 true
3322 277,318 true
3323 277,318 true
3324 277,318 true
3325 278,318 true
3326 278,318 true
3327 278,318 true
3328 278,318 true
3329 278,318 true
3330 278,318 true
3331 278,318 true
3332 278,318 true
3333 278,318 true
3334 278,318 true
3335 278,318 true
3336 278,318 true
3337 279,318 true
3338 279,318 true
3339 279,318 true
3340 279,318 true
3341 279,318 true
3342 279,318 true
3343 279,318 true
3344 279,318 true
3345 279,318 true
3346 279,318 true
3347 279,318 true
3348 279,318 true
3349 280,318 true
3350 280,318 true
3351 280,318 true
3352 280,318 true
3353 280,318 true
3354 280,318 true
3355 280,318 true
3356 280,318 true
3357 280,318 true
3358 280,318 true
3359 280,318 true
3360 280,318 true
3361 281,318 true
3362 281,318 true
3363 281,318 true
3364 281,318 true
3365 281,318 true
3366 281,318 true
3367 281,318 true
3368 281,318 true
3369 281,318 true
3370 281,318 true
3371 281,318 true
3372 281,318 true
3373 282,318 true
3374 282,318 true
3375 282,318 true
3376 282,318 true
3377 282,318 true
3378 282,318 true
3379 282,318 true
3380 282,318 true
3381 282,318 true
3382 282,318 true
3383 282,318 true
3384 282,318 true
3385 283,318 true
3386 283,318 true
3387 283,318 true
3388 283,318 true
3389 283,318 true
3390 283,318 true
3391 283,318 true
3392 283,318 true
3393 283,318 true
3394 283,318 true
3395 283,318 true
3396 283,318 true
3397 284,318 true
3398 284,318 true
3399 284,318 true
3400 284,318 true
3401 284,318 true
3402 284,318 true
3403 284,318 true
3404 284,318 true
3405 284,318 true
3406 284,318 true
3407 284,318 true
3408 284,318 true
3409 285,318 true
3410 285,318 true
3411 285,318 true
3412 285,318 true
3413 285,318 true
3414 285,318 true
3415 285,318 true
3416 285,318 true
3417 285,318 true
3418 285,318 true
3419 285,318 true
3420 285,318 true
3421 286,318 true
3422 286,318 true
3423 286,318 true
3424 286,318 true
3425 286,318 true
3426 286,318 true
3427 286,318 true
3428 286,318 true
3429 286,318 true
3430 286,318 true
3431 286,318 true
3432 286,318 true
3433 287,318 true
3434 287,318 true
3435 287,318 true
3436 287,318 true
3437 287,318 true
3438 287,318 true
3439 287,318 true
3440 287,318 true
3441 287,318 true
3442 287,318 true
3443 287,318 true
3444 287,318 true
3445 288,318 true
3446 288,318 true
3447 288,318 true
3448 288,318 true
3449 288,318 true
3450 288,318 true
3451 288,318 true
3452 288,318 true
3453 288,318 true
3454 288,318 true
3455 288,318 true
3456 288,318 true
3457 289,318 true
3458 289,318 true
3459 289,318 true
3460 289,318 true
3461 289,318 true
3462 289,318 true
3463 289,318 true
3464 289,318 true
3465 289,318 true
3466 289,318 true
3467 289,318 true
3468 289,318 true
3469 290,318 true
3470 290,318 true
3471 290,318 true
3472 290,318 true
3473 290,318 true
3474 290,318 true
3475 290,318 true
3476 290,318 true
3477 290,318 true
3478 290,318 true
3479 290,318 true
3480 290,318 true
3481 291,318 true
3482 291,318 true
3483 291,318 true
3484 291,318 true
3485 291,318 true
3486 291,318 true
3487 291,318 true
3488 291,318 true
3489 291,318 true
3490 291,318 true
3491 291,318 true
3492 291,318 true
3493 292,318 true
3494 292,318 true
3495 292,318 true
3496 292,318 true
3497 292,318 true
3498 292,318 true
3499 292,318 true
3500 292,318 true
3501 292,318 true
3502 292,318 true
3503 292,318 true
3504 292,318 true
3505 293,318 true
3506 293,318 true
3507 293,318 true
3508 293,318 true
3509 293,318 true
3510 293,318 true
3511 293,318 true
3512 293,318 true
3513 293,318 true
3514 293,318 true
3515 293,318 true
3516 293,318 true
3517 294,318 true
3518 294,318 true
3519 294,318 true
3520 294,318 true
3521 294,318 true
3522 294,318 true
3523 294,318 true
3524 294,318 true
3525 294,318 true
3526 294,318 true
3527 294,318 true
3528 294,318 true
3529 295,318 true
3530 295,318 true
3531 295,318 true
3532 295,318 true
3533 295,318 true
3534 295,318 true
3535 295,318 true
3536 295,318 true
3537 295,318 true
3538 295,318 true
3539 295,318 true
3540 295,318 true
3541 296,318 true
3542 296,318 true
3543 296,318 true
3544 296,318 true
3545 296,318 true
3546 296,318 true
3547 296,318 true
3548 296,318 true
3549 296,318 true
3550 296,318 true
3551 296,318 true
3552 296,318 true
3553 297,318 true
3554 297,318 true
3555 297,318 true
3556 297,318 true
3557 297,318 true
3558 297,318 true
3559 297,318 true
3560 297,318 true
3561 297,318 true
3562 297,318 true
3563 297,318 true
3564 297,318 true
3565 298,318 true
3566 298,318 true
3567 298,318 true
3568 298,318 true
3569 298,318 true
3570 298,318 true
3571 298,318 true
3572 298,318 true
3573 298,318 true
3574 298,318 true
3575 298,318 true
3576 298,318 true
3577 299,318 true
3578 299,318 true
3579 299,318 true
3580 299,318 true
3581 299,318 true
3582 299,318 true
3583 299,318 true
3584 299,318 true
3585 299,318 true
3586 299,318 true
3587 299,318 true
3588 299,318 true
3589 300,318 true
3590 300,318 true
3591 300,318 true
3592 300,318 true
3593 300,318 true
3594 300,318 true
3595 300,318 true
3596 300,318 true
3597 300,318 true
3598 300,318 true
3599 300,318 true
3600 300,318 true
3601 301,318 true
3602 301,318 true
3603 301,318 true
3604 301,318 true
3605 301,318 true
3606 301,318 true
3607 301,318 true
3608 301,318 true
3609 301,318 true
3610 301,318 true
3611 301,318 true
3612 301,318 true
3613 302,318 true
3614 302,318 true
3615 302,318 true
3616 302,318 true
3617 302,318 true
3618 302,318 true
3619 302,318 true
3620 302,318 true
3621 302,318 true
3622 302,318 true
3623 302,318 true
3624 302,318 true
3625 303,318 true
3626 303,318 true
3627 303,318 true
3628 303,318 true
3629 303,318 true
3630 303,318 true
3631 303,318 true
3632 303,318 true
3633 303,318 true
3634 303,318 true
3635 303,318 true
3636 303,318 true
3637 304,318 true
3638 304,318 true
3639 304,318 true
3640 304,318 true
3641 304,318 true
3642 304,318 true
3643 304,318 true
3644 304,318 true
3645 304,318 true
3646 304,318 true
3647 304,318 true
3648 304,318 true
3649 305,318 true
3650 305,318 true
3651 305,318 true
3652 305,318 true
3653 305,318 true
3654 305,318 true
3655 305,318 true
3656 305,318 true
3657 305,318 true
3658 305,318 true
3659 305,318 true
3660 305,318 true
3661 306,318 true
3662 306,318 true
3663 306,318 true
3664 306,318 true
3665 306,318 true
3666 306,318 true
3667 306,318 true
3668 306,318 true
3669 306,318 true
3670 306,318 true
3671 306,318 true
3672 306,318 true
3673 307,318 true
3674 307,318 true
3675 307,318 true
3676 307,318 true
3677 307,318 true
3678 307,318 true
3679 307,318 true
3680 307,318 true
3681 307,318 true
3682 307,318 true
3683 307,318 true
3684 307,318 true
3685 308,318 true
3686 308,318 true
3687 308,318 true
3688 308,318 true
3689 308,318 true
3690 308,318 true
3691 308,318 true
3692 308,318 true
3693 308,318 true
3694 308,318 true
3695 308,318 true
3696 308,318 true
3697 309,318 true
3698 309,318 true
3699 309,318 true
3700 309,318 true
3701 309,318 true
3702 309,318 true
3703 309,318 true
3704 309,318 true
3705 309,318 true
3706 309,318 true
3707 309,318 true
3708 309,318 true
3709 310,318 true
3710 310,318 true
3711 310,318 true
3712 310,318 true
3713 310,318 true
3714 310,318 true
3715 310,318 true
3716 310,318 true
3717 310,318 true
3718 310,318 true
3719 310,318 true
3720 310,318 true
3721 311,318 true
3722 311,318 true
3723 311,318 true
3724 311,318 true
3725 311,318 true
3726 311,318 true
3727 311,318 true
3728 311,318 true
3729 311,318 true
3730 311,318 true
3731 311,318 true
3732 311,318 true
3733 312,318 true
3734 312,318 true
3735 312,318 true
3736 312,318 true
3737 312,318 true
3738 312,318 true
3739 312,318 true
3740 312,318 true
3741 312,318 true
3742 312,318 true
3743 312,318 true
3744 312,318 true
3745 313,318 true
3746 313,318 true
3747 313,318 true
3748 313,318 true
3749 313,318 true
3750 313,318 true
3751 313,318 true
3752 313,318 true
3753 313,318 true
3754 313,318 true
3755 313,318 true
3756 313,318 true
3757 314,318 true
3758 314,318 true
3759 314,318 true
3760 314,318 true
3761 314,318 true
3762 314,318 true
3763 314,318 true
3764 314,318 true
3765 314,318 true
3766 314,318 true
3767 314,318 true
3768 314,318 true
3769 315,318 true
3770 315,318 true
3771 315,318 true
3772 315,318 true
3773 315,318 true
3774 315,318 true
3775 315,318 true
3776 315,318 true
3777 315,318 true
3778 315,318 true
3779 315,318 true
3780 315,318 true
3781 316,318 true
3782 316,318 true
3783 316,318 true
3784 316,318 true
3785 316,318 true
3786 316,318 true
3787 316,318 true
3788 316,318 true
3789 316,318 true
3790 316,318 true
3791 316,318 true
3792 316,318 true
3793 317,318 true
3794 317,318 true
3795 317,318 true
3796 317,318 true
3797 317,318 true
3798 317,318 true
3799 317,318 true
3800 317,318 true
3801 317,318 true
3802 317,318 true
3803 317,318 true
3804 317,318 true
3805 318,318 true
3806 318,318 true
3807 318,318 true
3808 318,318 true
3809 318,318 true
3810 318,318 true
3811 318,318 true
3812 318,318 true
3813 318,318 true
3814 318,318 true
3815 318,318 true
3816 318,318 true
3817 319,318 true
3818 319,318 true
3819 319,318 true
3820 319,318 true
3821 319,318 true
3822 319,318 true
3823 319,318 true
3824 319,318 true
3825 319,318 true
3826 319,318 true
3827 319,318 true
3828 319,318 true
3829 320,318 true
3830 320,318 true
3831 320,318 true
3832 320,318 true
3833 320,318 true
3834 320,318 true
3835 320,318 true
3836 320,318 true
3837 320,318 true
3838 320,318 true
3839 320,318 true
3840 320,318 true
3841 321,318 true
3842 321,318 true
3843 321,318 true
3844 321,318 true
3845 321,318 true
3846 321,318 true
3847 321,318 true
3848 321,318 true
3849 321,318 true
3850 321,318 true
3851 321,318 true
3852 321,318 true
3853 322,318 true
3854 322,318 true
3855 322,318 true
3856 322,318 true
3857 322,318 true
3858 322,318 true
3859 322,318 true
3860 322,318 true
3861 322,318 true
3862 322,318 true
3863 322,318 true
3864 322,318 true
3865 323,318 true
3866 323,318 true
3867 323,318 true
3868 323,318 true
3869 323,318 true
3870 323,318 true
3871 323,318 true
3872 323,318 true
3873 323,318 true
3874 323,318 true
3875 323,318 true
3876 323,318 true
3877 324,318 true
3878 324,318 true
3879 324,318 true
3880 324,318 true
3881 324,318 true
3882 324,318 true
3883 324,318 true
3884 324,318 true
3885 324,318 true
3886 324,318 true
3887 324,318 true
3888 324,318 true
3889 325,318 true
3890 325,318 true
3891 325,318 true
3892 325,318 true
3893 325,318 true
3894 325,318 true
3895 325,318 true
3896 325,318 true
3897 325,318 true
3898 325,318 true
3899 325,318 true
3900 325,318 true
3901 326,318 true
3902 326,318 true
3903 326,318 true
3904 326,318 true
3905 326,318 true
3906 326,318 true
3907 326,318 true
3908 326,318 true
3909 326,318 true
3910 326,318 true
3911 326,318 true
3912 326,318 true
3913 327,318 true
3914 327,318 true
3915 327,318 true
3916 327,318 true
3917 327,318 true
3918 327,318 true
3919 327,318 true
3920 327,318 true
3921 327,318 true
3922 327,318 true
3923 327,318 true
3924 327,318 true
3925 328,318 true
3926 328,318 true
3927 328,318 true
3928 328,318 true
3929 328,318 true
3930 328,318 true
3931 328,318 true
3932 328,318 true
3933 328,318 true
3934 328,318 true
3935 328,318 true
3936 328,318 true
3937 329,318 true
3938 329,318 true
3939 329,318 true
3940 329,318 true
3941 329,318 true
3942 329,318 true
3943 329,318 true
3944 329,318 true
3945 329,318 true
3946 329,318 true
3947 329,318 true
3948 329,318 true
3949 330,318 true
3950 330,318 true
3951 330,318 true
3952 330,318 true
3953 330,318 true
3954 330,318 true
3955 330,318 true
3956 330,318 true
3957 330,318 true
3958 330,318 true
3959 330,318 true
3960 330,318 true
3961 331,318 true
3962 331,318 true
3963 331,318 true
3964 331,318 true
3965 331,318 true
3966 331,318 true
3967 331,318 true
3968 331,318 true
3969 331,318 true
3970 331,318 true
3971 331,318 true
3972 331,318 true
3973 332,318 true
3974 332,318 true
3975 332,318 true
3976 332,318 true
3977 332,318 true
3978 332,318 true
3979 332,318 true
3980 332,318 true
3981 332,318 true
3982 332,318 true
3983 332,318 true
3984 332,318 true
3985 333,318 true
3986 333,318 true
3987 333,318 true
3988 333,318 true
3989 333,318 true
3990 333,318 true
3991 333,318 true
3992 333,318 true
3993 333,318 true
3994 333,318 true
3995 333,318 true
3996 333,318 true
3997 334,318 true
3998 334,318 true
3999 334,318 true
4000 334,318 true
4001 334,318 true
4002 334,318 true
4003 334,318 true
4004 334,318 true
4005 334,318 true
4006 334,318 true
4007 334,318 true
4008 334,318 true
4009 335,318 true
4010 335,318 true
4011 335,318 true
4012 335,318 true
4013 335,318 true
4014 335,318 true
4015 335,318 true
4016 335,318 true
4017 335,318 true
4018 335,318 true
4019 335,318 true
4020 335,318 true
4021 336,318 true
4022 336,318 true
4023 336,318 true
4024 336,318 true
4025 336,318 true
4026 336,318 true
4027 336,318 true
4028 336,318 true
4029 336,318 true
4030 336,318 true
4031 336,318 true
4032 336,318 true
4033 337,318 true
4034 337,318 true
4035 337,318 true
4036 337,318 true
4037 337,318 true
4038 337,318 true
4039 337,318 true
4040 337,318 true
4041 337,318 true
4042 337,318 true
4043 337,318 true
4044 337,318 true
4045 338,318 true
4046 338,318 true
4047 338,318 true
4048 338,318 true
4049 338,318 true
4050 338,318 true
4051 338,318 true
4052 338,318 true
4053 338,318 true
4054 338,318 true
4055 338,318 true
4056 338,318 true
4057 339,318 true
4058 339,318 true
4059 339,318 true
4060 339,318 true
4061 339,318 true
4062 339,318 true
4063 339,318 true
4064 339,318 true
4065 339,318 true
4066 339,318 true
4067 339,318 true
4068 339,318 true
4069 340,318 true
4070 340,318 true
4071 340,318 true
4072 340,318 true
4073 340,318 true
4074 340,318 true
4075 340,318 true
4076 340,318 true
4077 340,318 true
4078 340,318 true
4079 340,318 true
4080 340,318 true
4081 341,318 true
4082 341,318 true
4083 341,318 true
4084 341,318 true
4085 341,318 true
4086 341,318 true
4087 341,318 true
4088 341,318 true
4089 341,318 true
4090 341,318 true
4091 341,318 true
4092 341,318 true
4093 342,318 true
4094 342,318 true
4095 342,318 true
4096 342,318 true
4097 342,318 true
4098 342,318 true
4099 342,318 true
4100 342,318 true
4101 342,318 true
4102 342,318 true
4103 342,318 true
4104 342,318 true
4105 343,318 true
4106 343,318 true
4107 343,318 true
4108 343,318 true
4109 343,318 true
4110 343,318 true
4111 343,318 true
4112 343,318 true
4113 343,318 true
4114 343,318 true
4115 343,318 true
4116 343,318 true
4117 344,318 true
4118 344,318 true
4119 344,318 true
4120 344,318 true
4121 344,318 true
4122 344,318 true
4123 344,318 true
4124 344,318 true
4125 344,318 true
4126 344,318 true
4127 344,318 true
4128 344,318 true
4129 345,318 true
4130 345,318 true
4131 345,318 true
4132 345,318 true
4133 345,318 true
4134 345,318 true
4135 345,318 true
4136 345,318 true
4137 345,318 true
4138 345,318 true
4139 345,318 true
4140 345,318 true
4141 346,318 true
4142 346,318 true
4143 346,318 true
4144 346,318 true
4145 346,318 true
4146 346,318 true
4147 346,318 true
4148 346,318 true
4149 346,318 true
4150 346,318 true
4151 346,318 true
4152 346,318 true
4153 347,318 true
4154 347,318 true
4155 347,318 true
4156 347,318 true
4157 347,318 true
4158 347,318 true
4159 347,318 true
4160 347,318 true
4161 347,318 true
4162 347,318 true
4163 347,318 true
4164 347,318 true
4165 348,318 true
4166 348,318 true
4167 348,318 true
4168 348,318 true
4169 348,318 true
4170 348,318 true
4171 348,318 true
4172 348,318 true
4173 348,318 true
4174 348,318 true
4175 348,318 true
4176 348,318 true
4177 349,318 true
4178 349,318 true
4179 349,318 true
4180 349,318 true
4181 349,318 true
4182 349,318 true
4183 349,318 true
4184 349,318 true
4185 349,318 true
4186 349,318 true
4187 349,318 true
4188 349,318 true
4189 350,318 true
4190 350,318 true
4191 350,318 true
4192 350,318 true
4193 350,318 true
4194 350,318 true
4195 350,318 true
4196 350,318 true
4197 350,318 true
4198 350,318 true
4199 350,318 true
4200 350,318 true
4201 351,318 true
4202 351,318 true
4203 351,318 true
4204 351,318 true
4205 351,318 true
4206 351,318 true
4207 351,318 true
4208 351,318 true
4209 351,318 true
4210 351,318 true
4211 351,318 true
4212 351,318 true
4213 352,318 true
4214 352,318 true
4215 352,318 true
4216 352,318 true
4217 352,318 true
4218 352,318 true
4219 352,318 true
4220 352,318 true
4221 352,318 true
4222 352,318 true
4223 352,318 true
4224 352,318 true
4225 353,318 true
4226 353,318 true
4227 353,318 true
4228 353,318 true
4229 353,318 true
4230 353,318 true
4231 353,318 true
4232 353,318 true
4233 353,318 true
4234 353,318 true
4235 353,318 true
4236 353,318 true
4237 354,318 true
4238 354,318 true
4239 354,318 true
4240 354,318 true
4241 354,318 true
4242 354,318 true
4243 354,318 true
4244 354,318 true
4245 354,318 true
4246 354,318 true
4247 354,318 true
4248 354,318 true
4249 355,318 true
4250 355,318 true
4251 355,318 true
4252 355,318 true
4253 355,318 true
4254 355,318 true
4255 355,318 true
4256 355,318 true
4257 355,318 true
4258 355,318 true
4259 355,318 true
4260 355,318 true
4261 356,318 true
4262 356,318 true
4263 356,318 true
4264 356,318 true
4265 356,318 true
4266 356,318 true
4267 356,318 true
4268 356,318 true
4269 356,318 true
4270 356,318 true
4271 356,318 true
4272 356,318 true
4273 357,318 true
4274 357,318 true
4275 357,318 true
4276 357,318 true
4277 357,318 true
4278 357,318 true
4279 357,318 true
4280 357,318 true
4281 357,318 true
4282 357,318 true
4283 357,318 true
4284 357,318 true
4285 358,318 true
4286 358,318 true
4287 358,318 true
4288 358,318 true
4289 358,318 true
4290 358,318 true
4291 358,318 true
4292 358,318 true
4293 358,318 true
4294 358,318 true
4295 358,318 true
4296 358,318 true
4297 359,318 true
4298 359,318 true
4299 359,318 true
4300 359,318 true
4301 359,318 true
4302 359,318 true
4303 359,318 true
4304 359,318 true
4305 359,318 true
4306 359,318 true
4307 359,318 true
4308 359,318 true
4309 360,318 true
4310 360,318 true
4311 360,318 true
4312 360,318 true
4313 360,318 true
4314 360,318 true
4315 360,318 true
4316 360,318 true
4317 360,318 true
4318 360,318 true
4319 360,318 true
4320 360,318 true
4321 361,318 true
4322 361,318 true
4323 361,318 true
4324 361,318 true
4325 361,318 true
4326 361,318 true
4327 361,318 true
4328 361,318 true
4329 361,318 true
4330 361,318 true
4331 361,318 true
4332 361,318 true
4333 362,318 true
4334 362,318 true
4335 362,318 true
4336 362,318 true
4337 362,318 true
4338 362,318 true
4339 362,318 true
4340 362,318 true
4341 362,318 true
4342 362,318 true
4343 362,318 true
4344 362,318 true
4345 363,318 true
4346 363,318 true
4347 363,318 true
4348 363,318 true
4349 363,318 true
4350 363,318 true
4351 363,318 true
4352 363,318 true
4353 363,318 true
4354 363,318 true
4355 363,318 true
4356 363,318 true
4357 364,318 true
4358 364,318 true
4359 364,318 true
4360 364,318 true
4361 364,318 true
4362 364,318 true
4363 364,318 true
4364 364,318 true
4365 364,318 true
4366 364,318 true
4367 364,318 true
4368 364,318 true
4369 365,318 true
4370 365,318 true
4371 365,318 true
4372 365,318 true
4373 365,318 true
4374 365,318 true
4375 365,318 true
4376 365,318 true
4377 365,318 true
4378 365,318 true
4379 365,318 true
4380 365,318 true
4381 366,318 true
4382 366,318 true
4383 366,318 true
4384 366,318 true
4385 366,318 true
4386 366,318 true
4387 366,318 true
4388 366,318 true
4389 366,318 true
4390 366,318 true
4391 366,318 true
4392 366,318 true
4393 367,318 true
4394 367,318 true
4395 367,318 true
4396 367,318 true
4397 367,318 true
4398 367,318 true
4399 367,318 true
4400 367,318 true
4401 367,318 true
4402 367,318 true
4403 367,318 true
4404 367,318 true
4405 368,318 true
4406 368,318 true
4407 368,318 true
4408 368,318 true
4409 368,318 true
4410 368,318 true
4411 368,318 true
4412 368,318 true
4413 368,318 true
4414 368,318 true
4415 368,318 true
4416 368,318 true
4417 369,318 true
4418 369,318 true
4419 369,318 true
4420 369,318 true
4421 369,318 true
4422 369,318 true
4423 369,318 true
4424 369,318 true
4425 369,318 true
4426 369,318 true
4427 369,318 true
4428 369,318 true
4429 370,318 true
4430 370,318 true
4431 370,318 true
4432 370,318 true
4433 370,318 true
4434 370,318 true
4435 370,318 true
4436 370,318 true
4437 370,318 true
4438 370,318 true
4439 370,318 true
4440 370,318 true
4441 371,318 true
4442 371,318 true
4443 371,318 true
4444 371,318 true
4445 371,318 true
4446 371,318 true
4447 371,318 true
4448 371,318 true
4449 371,318 true
4450 371,318 true
4451 371,318 true
4452 371,318 true
4453 372,318 true
4454 372,318 true
4455 372,318 true
4456 372,318 true
4457 372,318 true
4458 372,318 true
4459 372,318 true
4460 372,318 true
4461 372,318 true
4462 372,318 true
4463 372,318 true
4464 372,318 true
4465 373,318 true
4466 373,318 true
4467 373,318 true
4468 373,318 true
4469 373,318 true
4470 373,318 true
4471 373,318 true
4472 373,318 true
4473 373,318 true
4474 373,318 true
4475 373,318 true
4476 373,318 true
4477 374,318 true
4478 374,318 true
4479 374,318 true
4480 374,318 true
4481 374,318 true
4482 374,318 true
4483 374,318 true
4484 374,318 true
4485 374,318 true
4486 374,318 true
4487 374,318 true
4488 374,318 true
4489 375,318 true
4490 375,318 true
4491 375,318 true
4492 375,318 true
4493 375,318 true
4494 375,318 true
4495 375,318 true
4496 375,318 true
4497 375,318 true
4498 375,318 true
4499 375,318 true
4500 375,318 true
4501 376,318 true
4502 376,318 true
4503 376,318 true
4504 376,318 true
4505 376,318 true
4506 376,318 true
4507 376,318 true
4508 376,318 true
4509 376,318 true
4510 376,318 true
4511 376,318 true
4512 376,318 true
4513 377,318 true
4514 377,318 true
4515 377,318 true
4516 377,318 true
4517 377,318 true
4518 377,318 true
4519 377,318 true
4520 377,318 true
4521 377,318 true
4522 377,318 true
4523 377,318 true
4524 377,318 true
4525 378,318 true
4526 378,318 true
4527 378,318 true
4528 378,318 true
4529 378,318 true
4530 378,318 true
4531 378,318 true
4532 378,318 true
4533 378,318 true
4534 378,318 true
4535 378,318 true
4536 378,318 true
4537 379,318 true
4538 379,318 true
4539 379,318 true
4540 379,318 true
4541 379,318 true
4542 379,318 true
4543 379,318 true
4544 379,318 true
4545 379,318 true
4546 379,318 true
4547 379,318 true
4548 379,318 true
4549 380,318 true
4550 380,318 true
4551 380,318 true
4552 380,318 true
4553 380,318 true
4554 380,318 true
4555 380,318 true
4556 380,318 true
4557 380,318 true
4558 380,318 true
4559 380,318 true
4560 380,318 true
4561 381,318 true
4562 381,318 true
4563 381,318 true
4564 381,318 true
4565 381,318 true
4566 381,318 true
4567 381,318 true
4568 381,318 true
4569 381,318 true
4570 381,318 true
4571 381,318 true
4572 381,318 true
4573 382,318 true
4574 382,318 true
4575 382,318 true
4576 382,318 true
4577 382,318 true
4578 382,318 true
4579 382,318 true
4580 382,318 true
4581 382,318 true
4582 382,318 true
4583 382,318 true
4584 382,318 true
4585 383,318 true
4586 383,318 true
4587 383,318 true
4588 383,318 true
4589 383,318 true
4590 383,318 true
4591 383,318 true
4592 383,318 true
4593 383,318 true
4594 383,318 true
4595 383,318 true
4596 383,318 true
4597 384,318 true
4598 384,318 true
4599 384,318 true
4600 384,318 true
4601 384,318 true
4602 384,318 true
4603 384,318 true
4604 384,318 true
4605 384,318 true
4606 384,318 true
4607 384,318 true
4608 384,318 true
4609 385,318 true
4610 385,318 true
4611 385,318 true
4612 385,318 true
4613 385,318 true
4614 385,318 true
4615 385,318 true
4616 385,318 true
4617 385,318 true
4618 385,318 true
4619 385,318 true
4620 385,318 true
4621 386,318 true
4622 386,318 true
4623 386,318 true
4624 386,318 true
4625 386,318 true
4626 386,318 true
4627 386,318 true
4628 386,318 true
4629 386,318 true
4630 386,318 true
4631 386,318 true
4632 386,318 true
4633 387,318 true
4634 387,318 true
4635 387,318 true
4636 387,318 true
4637 387,318 true
4638 387,318 true
4639 387,318 true
4640 387,318 true
4641 387,318 true
4642 387,318 true
4643 387,318 true
4644 387,318 true
4645 388,318 true
4646 388,318 true
4647 388,318 true
4648 388,318 true
4649 388,318 true
4650 388,318 true
4651 388,318 true
4652 388,318 true
4653 388,318 true
4654 388,318 true
4655 388,318 true
4656 388,318 true
4657 389,318 false
4658 389,318 false
4659 389,318 false
4660 389,318 false
4661 389,318 false
4662 389,318 false
4663 389,318 false
4664 389,318 false
4665 389,318 false
4666 389,318 false
4667 389,318 false
4668 389,318 false
4669 390,318 false
4670 390,318 false
4671 390,318 false
4672 390,318 false
4673 390,318 false
4674 390,318 false
4675 390,318 false
4676 390,318 false
4677 390,318 false
4678 390,318 false
4679 390,318 false
4680 390,318 false
4681 391,318 false
4682 391,318 false
4683 391,318 false
4684 391,318 false
4685 391,318 false
4686 391,318 false
4687 391,318 false
4688 391,318 false
4689 391,318 false
4690 391,318 false
4691 391,318 false
4692 391,318 false
4693 392,318 false
4694 392,318 false
4695 392,318 false
4696 392,318 false
4697 392,318 false
4698 392,318 false
4699 392,318 false
4700 392,318 false
4701 392,318 false
4702 392,318 false
4703 392,318 false
4704 392,318 false
4705 393,318 false
4706 393,318 false
4707 393,318 false
4708 393,318 false
4709 393,318 false
4710 393,318 false
4711 393,318 false
4712 393,318 false
4713 393,318 false
4714 393,318 false
4715 393,318 false
4716 393,318 false
4717 394,318 false
4718 394,318 false
4719 394,318 false
4720 394,318 false
4721 394,318 false
4722 394,318 false
4723 394,318 false
4724 394,318 false
4725 394,318 false
4726 394,318 false
4727 394,318 false
4728 394,318 false
4729 395,318 false
4730 395,318 false
4731 395,318 false
4732 395,318 false
4733 395,318 false
4734 395,318 false
4735 395,318 false
4736 395,318 false
4737 395,318 false
4738 395,318 false
4739 395,318 false
4740 395,318 false
4741 396,318 false
4742 396,318 false
4743 396,318 false
4744 396,318 false
4745 396,318 false
4746 396,318 false
4747 396,318 false
4748 396,318 false
4749 396,318 false
4750 396,318 false
4751 396,318 false
4752 396,318 false
4753 397,318 false
4754 397,318 false
4755 397,318 false
4756 397,318 false
4757 397,318 false
4758 397,318 false
4759 397,318 false
4760 397,318 false
4761 397,318 false
4762 397,318 false
4763 397,318 false
4764 397,318 false
4765 398,318 false
4766 398,318 false
4767 398,318 false
4768 398,318 false
4769 398,318 false
4770 398,318 false
4771 398,318 false
4772 398,318 false
4773 398,318 false
4774 398,318 false
4775 398,318 false
4776 398,318 false
4777 399,318 false
4778 399,318 false
4779 399,318 false
4780 399,318 false
4781 399,318 false
4782 399,318 false
4783 399,318 false
4784 399,318 false
4785 399,318 false
4786 399,318 false
4787 399,318 false
4788 399,318 false
4789 400,318 false
4790 400,318 false
4791 400,318 false
4792 400,318 false
4793 400,318 false
4794 400,318 false
4795 400,318 false
4796 400,318 false
4797 400,318 false
4798 400,318 false
4799 400,318 false
4800 400,318 false
4801 401,318 false
4802 401,318 false
4803 401,318 false
4804 401,318 false
4805 401,318 false
4806 401,318 false
4807 401,318 false
4808 401,318 false
4809 401,318 false
4810 401,318 false
4811 401,318 false
4812 401,318 false
4813 402,318 false
4814 402,318 false
4815 402,318 false
4816 402,318 false
4817 402,318 false
4818 402,318 false
4819 402,318 false
4820 402,318 false
4821 402,318 false
4822 402,318 false
4823 402,318 false
4824 402,318 false
4825 403,318 false
4826 403,318 false
4827 403,318 false
4828 403,318 false
4829 403,318 false
4830 403,318 false
4831 403,318 false
4832 403,318 false
4833 403,318 false
4834 403,318 false
4835 403,318 false
4836 403,318 false
4837 404,318 false
4838 404,318 false
4839 404,318 false
4840 404,318 false
4841 404,318 false
4842 404,318 false
4843 404,318 false
4844 404,318 false
4845 404,318 false
4846 404,318 false
4847 404,318 false
4848 404,318 false
4849 405,318 false
4850 405,318 false
4851 405,318 false
4852 405,318 false
4853 405,318 false
4854 405,318 false
4855 405,318 false
4856 405,318 false
4857 405,318 false
4858 405,318 false
4859 405,318 false
4860 405,318 false
4861 406,318 false
4862 406,318 false
4863 406,318 false
4864 406,318 false
4865 406,318 false
4866 406,318 false
4867 406,318 false
4868 406,318 false
4869 406,318 false
4870 406,318 false
4871 406,318 false
4872 406,318 false
4873 407,318 false
4874 407,318 false
4875 407,318 false
4876 407,318 false
4877 407,318 false
4878 407,318 false
4879 407,318 false
4880 407,318 false
4881 407,318 false
4882 407,318 false
4883 407,318 false
4884 407,318 false
4885 408,318 false
4886 408,318 false
4887 408,318 false
4888 408,318 false
4889 408,318 false
4890 408,318 false
4891 408,318 false
4892 408,318 false
4893 408,318 false
4894 408,318 false
4895 408,318 false
4896 408,318 false
4897 409,318 false
4898 409,318 false
4899 409,318 false
4900 409,318 false
4901 409,318 false
4902 409,318 false
4903 409,318 false
4904 409,318 false
4905 409,318 false
4906 409,318 false
4907 409,318 false
4908 409,318 false
4909 410,318 false
4910 410,318 false
4911 410,318 false
4912 410,318 false
4913 410,318 false
4914 410,318 false
4915 410,318 false
4916 410,318 false
4917 410,318 false
4918 410,318 false
4919 410,318 false
4920 410,318 false
4921 411,318 false
4922 411,318 false
4923 411,318 false
4924 411,318 false
4925 411,318 false
4926 411,318 false
4927 411,318 false
4928 411,318 false
4929 411,318 false
4930 411,318 false
4931 411,318 false
4932 411,318 false
