5088
1 309,1 true
2 309,1 true
3 309,1 true
4 309,1 true
5 309,1 true
6 309,1 true
7 309,1 true
8 309,1 true
9 309,1 true
10 309,1 true
11 309,1 true
12 309,1 true
13 309,2 true
14 309,2 true
15 309,2 true
16 309,2 true
17 309,2 true
18 309,2 true
19 309,2 true
20 309,2 true
21 309,2 true
22 309,2 true
23 309,2 true
24 309,2 true
25 309,3 true
26 309,3 true
27 309,3 true
28 309,3 true
29 309,3 true
30 309,3 true
31 309,3 true
32 309,3 true
33 309,3 true
34 309,3 true
35 309,3 true
36 309,3 true
37 309,4 true
38 309,4 true
39 309,4 true
40 309,4 true
41 309,4 true
42 309,4 true
43 309,4 true
44 309,4 true
45 309,4 true
46 309,4 true
47 309,4 true
48 309,4 true
49 309,5 true
50 309,5 true
51 309,5 true
52 309,5 true
53 309,5 true
54 309,5 true
55 309,5 true
56 309,5 true
57 309,5 true
58 309,5 true
59 309,5 true
60 309,5 true
61 309,6 true
62 309,6 true
63 309,6 true
64 309,6 true
65 309,6 true
66 309,6 true
67 309,6 true
68 309,6 true
69 309,6 true
70 309,6 true
71 309,6 true
72 309,6 true
73 309,7 true
74 309,7 true
75 309,7 true
76 309,7 true
77 309,7 true
78 309,7 true
79 309,7 true
80 309,7 true
81 309,7 true
82 309,7 true
83 309,7 true
84 309,7 true
85 309,8 true
86 309,8 true
87 309,8 true
88 309,8 true
89 309,8 true
90 309,8 true
91 309,8 true
92 309,8 true
93 309,8 true
94 309,8 true
95 309,8 true
96 309,8 true
97 309,9 true
98 309,9 true
99 309,9 true
100 309,9 true
101 309,9 true
102 309,9 true
103 309,9 true
104 309,9 true
105 309,9 true
106 309,9 true
107 309,9 true
108 309,9 true
109 309,10 true
110 309,10 true
111 309,10 true
112 309,10 true
113 309,10 true
114 309,10 true
115 309,10 true
116 309,10 true
117 309,10 true
118 309,10 true
119 309,10 true
120 309,10 true
121 309,11 true
122 309,11 true
123 309,11 true
124 309,11 true
125 309,11 true
126 309,11 true
127 309,11 true
128 309,11 true
129 309,11 true
130 309,11 true
131 309,11 true
132 309,11 true
133 309,12 true
134 309,12 true
135 309,12 true
136 309,12 true
137 309,12 true
138 309,12 true
139 309,12 true
140 309,12 true
141 309,12 true
142 309,12 true
143 309,12 true
144 309,12 true
145 309,13 true
146 309,13 true
147 309,13 true
148 309,13 true
149 309,13 true
150 309,13 true
151 309,13 true
152 309,13 true
153 309,13 true
154 309,13 true
155 309,13 true
156 309,13 true
157 309,14 true
158 309,14 true
159 309,14 true
160 309,14 true
161 309,14 true
162 309,14 true
163 309,14 true
164 309,14 true
165 309,14 true
166 309,14 true
167 309,14 true
168 309,14 true
169 309,15 true
170 309,15 true
171 309,15 true
172 309,15 true
173 309,15 true
174 309,15 true
175 309,15 true
176 309,15 true
177 309,15 true
178 309,15 true
179 309,15 true
180 309,15 true
181 309,16 true
182 309,16 true
183 309,16 true
184 309,16 true
185 309,16 true
186 309,16 true
187 309,16 true
188 309,16 true
189 309,16 true
190 309,16 true
191 309,16 true
192 309,16 true
193 309,17 true
194 309,17 true
195 309,17 true
196 309,17 true
197 309,17 true
198 309,17 true
199 309,17 true
200 309,17 true
201 309,17 true
202 309,17 true
203 309,17 true
204 309,17 true
205 309,18 true
206 309,18 true
207 309,18 true
208 309,18 true
209 309,18 true
210 309,18 true
211 309,18 true
212 309,18 true
213 309,18 true
214 309,18 true
215 309,18 true
216 309,18 true
217 309,19 true
218 309,19 true
219 309,19 true
220 309,19 true
221 309,19 true
222 309,19 true
223 309,19 true
224 309,19 true
225 309,19 true
226 309,19 true
227 309,19 true
228 309,19 true
229 309,20 true
230 309,20 true
231 309,20 true
232 309,20 true
233 309,20 true
234 309,20 true
235 309,20 true
236 309,20 true
237 309,20 true
238 309,20 true
239 309,20 true
240 309,20 true
241 309,21 true
242 309,21 true
243 309,21 true
244 309,21 true
245 309,21 true
246 309,21 true
247 309,21 true
248 309,21 true
249 309,21 true
250 309,21 true
251 309,21 true
252 309,21 true
253 309,22 true
254 309,22 true
255 309,22 true
256 309,22 true
257 309,22 true
258 309,22 true
259 309,22 true
260 309,22 true
261 309,22 true
262 309,22 true
263 309,22 true
264 309,22 true
265 309,23 true
266 309,23 true
267 309,23 true
268 309,23 true
269 309,23 true
270 309,23 true
271 309,23 true
272 309,23 true
273 309,23 true
274 309,23 true
275 309,23 true
276 309,23 true
277 309,24 true
278 309,24 true
279 309,24 true
280 309,24 true
281 309,24 true
282 309,24 true
283 309,24 true
284 309,24 true
285 309,24 true
286 309,24 true
287 309,24 true
288 309,24 true
289 309,25 true
290 309,25 true
291 309,25 true
292 309,25 true
293 309,25 true
294 309,25 true
295 309,25 true
296 309,25 true
297 309,25 true
298 309,25 true
299 309,25 true
300 309,25 true
301 309,26 true
302 309,26 true
303 309,26 true
304 309,26 true
305 309,26 true
306 309,26 true
307 309,26 true
308 309,26 true
309 309,26 true
310 309,26 true
311 309,26 true
312 309,26 true
313 309,27 true
314 309,27 true
315 309,27 true
316 309,27 true
317 309,27 true
318 309,27 true
319 309,27 true
320 309,27 true
321 309,27 true
322 309,27 true
323 309,27 true
324 309,27 true
325 309,28 true
326 309,28 true
327 309,28 true
328 309,28 true
329 309,28 true
330 309,28 true
331 309,28 true
332 309,28 true
333 309,28 true
334 309,28 true
335 309,28 true
336 309,28 true
337 309,29 true
338 309,29 true
339 309,29 true
340 309,29 true
341 309,29 true
342 309,29 true
343 309,29 true
344 309,29 true
345 309,29 true
346 309,29 true
347 309,29 true
348 309,29 true
349 309,30 true
350 309,30 true
351 309,30 true
352 309,30 true
353 309,30 true
354 309,30 true
355 309,30 true
356 309,30 true
357 309,30 true
358 309,30 true
359 309,30 true
360 309,30 true
361 309,31 true
362 309,31 true
363 309,31 true
364 309,31 true
365 309,31 true
366 309,31 true
367 309,31 true
368 309,31 true
369 309,31 true
370 309,31 true
371 309,31 true
372 309,31 true
373 309,32 true
374 309,32 true
375 309,32 true
376 309,32 true
377 309,32 true
378 309,32 true
379 309,32 true
380 309,32 true
381 309,32 true
382 309,32 true
383 309,32 true
384 309,32 true
385 309,33 true
386 309,33 true
387 309,33 true
388 309,33 true
389 309,33 true
390 309,33 true
391 309,33 true
392 309,33 true
393 309,33 true
394 309,33 true
395 309,33 true
396 309,33 true
397 309,34 true
398 309,34 true
399 309,34 true
400 309,34 true
401 309,34 true
402 309,34 true
403 309,34 true
404 309,34 true
405 309,34 true
406 309,34 true
407 309,34 true
408 309,34 true
409 309,35 true
410 309,35 true
411 309,35 true
412 309,35 true
413 309,35 true
414 309,35 true
415 309,35 true
416 309,35 true
417 309,35 true
418 309,35 true
419 309,35 true
420 309,35 true
421 309,36 true
422 309,36 true
423 309,36 true
424 309,36 true
425 309,36 true
426 309,36 true
427 309,36 true
428 309,36 true
429 309,36 true
430 309,36 true
431 309,36 true
432 309,36 true
433 309,37 true
434 309,37 true
435 309,37 true
436 309,37 true
437 309,37 true
438 309,37 true
439 309,37 true
440 309,37 true
441 309,37 true
442 309,37 true
443 309,37 true
444 309,37 true
445 309,38 true
446 309,38 true
447 309,38 true
448 309,38 true
449 309,38 true
450 309,38 true
451 309,38 true
452 309,38 true
453 309,38 true
454 309,38 true
455 309,38 true
456 309,38 true
457 309,39 true
458 309,39 true
459 309,39 true
460 309,39 true
461 309,39 true
462 309,39 true
463 309,39 true
464 309,39 true
465 309,39 true
466 309,39 true
467 309,39 true
468 309,39 true
469 309,40 true
470 309,40 true
471 309,40 true
472 309,40 true
473 309,40 true
474 309,40 true
475 309,40 true
476 309,40 true
477 309,40 true
478 309,40 true
479 309,40 true
480 309,40 true
481 309,41 true
482 309,41 true
483 309,41 true
484 309,41 true
485 309,41 true
486 309,41 true
487 309,41 true
488 309,41 true
489 309,41 true
490 309,41 true
491 309,41 true
492 309,41 true
493 309,42 true
494 309,42 true
495 309,42 true
496 309,42 true
497 309,42 true
498 309,42 true
499 309,42 true
500 309,42 true
501 309,42 true
502 309,42 true
503 309,42 true
504 309,42 true
505 309,43 true
506 309,43 true
507 309,43 true
508 309,43 true
509 309,43 true
510 309,43 true
511 309,43 true
512 309,43 true
513 309,43 true
514 309,43 true
515 309,43 true
516 309,43 true
517 309,44 true
518 309,44 true
519 309,44 true
520 309,44 true
521 309,44 true
522 309,44 true
523 309,44 true
524 309,44 true
525 309,44 true
526 309,44 true
527 309,44 true
528 309,44 true
529 309,45 true
530 309,45 true
531 309,45 true
532 309,45 true
533 309,45 true
534 309,45 true
535 309,45 true
536 309,45 true
537 309,45 true
538 309,45 true
539 309,45 true
540 309,45 true
541 309,46 true
542 309,46 true
543 309,46 true
544 309,46 true
545 309,46 true
546 309,46 true
547 309,46 true
548 309,46 true
549 309,46 true
550 309,46 true
551 309,46 true
552 309,46 true
553 309,47 true
554 309,47 true
555 309,47 true
556 309,47 true
557 309,47 true
558 309,47 true
559 309,47 true
560 309,47 true
561 309,47 true
562 309,47 true
563 309,47 true
564 309,47 true
565 309,48 true
566 309,48 true
567 309,48 true
568 309,48 true
569 309,48 true
570 309,48 true
571 309,48 true
572 309,48 true
573 309,48 true
574 309,48 true
575 309,48 true
576 309,48 true
577 309,49 true
578 309,49 true
579 309,49 true
580 309,49 true
581 309,49 true
582 309,49 true
583 309,49 true
584 309,49 true
585 309,49 true
586 309,49 true
587 309,49 true
588 309,49 true
589 309,50 true
590 309,50 true
591 309,50 true
592 309,50 true
593 309,50 true
594 309,50 true
595 309,50 true
596 309,50 true
597 309,50 true
598 309,50 true
599 309,50 true
600 309,50 true
601 309,51 true
602 309,51 true
603 309,51 true
604 309,51 true
605 309,51 true
606 309,51 true
607 309,51 true
608 309,51 true
609 309,51 true
610 309,51 true
611 309,51 true
612 309,51 true
613 309,52 true
614 309,52 true
615 309,52 true
616 309,52 true
617 309,52 true
618 309,52 true
619 309,52 true
620 309,52 true
621 309,52 true
622 309,52 true
623 309,52 true
624 309,52 true
625 309,53 true
626 309,53 true
627 309,53 true
628 309,53 true
629 309,53 true
630 309,53 true
631 309,53 true
632 309,53 true
633 309,53 true
634 309,53 true
635 309,53 true
636 309,53 true
637 309,54 true
638 309,54 true
639 309,54 true
640 309,54 true
641 309,54 true
642 309,54 true
643 309,54 true
644 309,54 true
645 309,54 true
646 309,54 true
647 309,54 true
648 309,54 true
649 309,55 true
650 309,55 true
651 309,55 true
652 309,55 true
653 309,55 true
654 309,55 true
655 309,55 true
656 309,55 true
657 309,55 true
658 309,55 true
659 309,55 true
660 309,55 true
661 309,56 true
662 309,56 true
663 309,56 true
664 309,56 true
665 309,56 true
666 309,56 true
667 309,56 true
668 309,56 true
669 309,56 true
670 309,56 true
671 309,56 true
672 309,56 true
673 309,57 true
674 309,57 true
675 309,57 true
676 309,57 true
677 309,57 true
678 309,57 true
679 309,57 true
680 309,57 true
681 309,57 true
682 309,57 true
683 309,57 true
684 309,57 true
685 309,58 true
686 309,58 true
687 309,58 true
688 309,58 true
689 309,58 true
690 309,58 true
691 309,58 true
692 309,58 true
693 309,58 true
694 309,58 true
695 309,58 true
696 309,58 true
697 309,59 true
698 309,59 true
699 309,59 true
700 309,59 true
701 309,59 true
702 309,59 true
703 309,59 true
704 309,59 true
705 309,59 true
706 309,59 true
707 309,59 true
708 309,59 true
709 309,60 true
710 309,60 true
711 309,60 true
712 309,60 true
713 309,60 true
714 309,60 true
715 309,60 true
716 309,60 true
717 309,60 true
718 309,60 true
719 309,60 true
720 309,60 true
721 309,61 true
722 309,61 true
723 309,61 true
724 309,61 true
725 309,61 true
726 309,61 true
727 309,61 true
728 309,61 true
729 309,61 true
730 309,61 true
731 309,61 true
732 309,61 true
733 309,62 true
734 309,62 true
735 309,62 true
736 309,62 true
737 309,62 true
738 309,62 true
739 309,62 true
740 309,62 true
741 309,62 true
742 309,62 true
743 309,62 true
744 309,62 true
745 309,63 true
746 309,63 true
747 309,63 true
748 309,63 true
749 309,63 true
750 309,63 true
751 309,63 true
752 309,63 true
753 309,63 true
754 309,63 true
755 309,63 true
756 309,63 true
757 309,64 true
758 309,64 true
759 309,64 true
760 309,64 true
761 309,64 true
762 309,64 true
763 309,64 true
764 309,64 true
765 309,64 true
766 309,64 true
767 309,64 true
768 309,64 true
769 309,65 true
770 309,65 true
771 309,65 true
772 309,65 true
773 309,65 true
774 309,65 true
775 309,65 true
776 309,65 true
777 309,65 true
778 309,65 true
779 309,65 true
780 309,65 true
781 309,66 true
782 309,66 true
783 309,66 true
784 309,66 true
785 309,66 true
786 309,66 true
787 309,66 true
788 309,66 true
789 309,66 true
790 309,66 true
791 309,66 true
792 309,66 true
793 309,67 true
794 309,67 true
795 309,67 true
796 309,67 true
797 309,67 true
798 309,67 true
799 309,67 true
800 309,67 true
801 309,67 true
802 309,67 true
803 309,67 true
804 309,67 true
805 309,68 true
806 309,68 true
807 309,68 true
808 309,68 true
809 309,68 true
810 309,68 true
811 309,68 true
812 309,68 true
813 309,68 true
814 309,68 true
815 309,68 true
816 309,68 true
817 309,69 true
818 309,69 true
819 309,69 true
820 309,69 true
821 309,69 true
822 309,69 true
823 309,69 true
824 309,69 true
825 309,69 true
826 309,69 true
827 309,69 true
828 309,69 true
829 309,70 true
830 309,70 true
831 309,70 true
832 309,70 true
833 309,70 true
834 309,70 true
835 309,70 true
836 309,70 true
837 309,70 true
838 309,70 true
839 309,70 true
840 309,70 true
841 309,71 true
842 309,71 true
843 309,71 true
844 309,71 true
845 309,71 true
846 309,71 true
847 309,71 true
848 309,71 true
849 309,71 true
850 309,71 true
851 309,71 true
852 309,71 true
853 309,72 true
854 309,72 true
855 309,72 true
856 309,72 true
857 309,72 true
858 309,72 true
859 309,72 true
860 309,72 true
861 309,72 true
862 309,72 true
863 309,72 true
864 309,72 true
865 309,73 true
866 309,73 true
867 309,73 true
868 309,73 true
869 309,73 true
870 309,73 true
871 309,73 true
872 309,73 true
873 309,73 true
874 309,73 true
875 309,73 true
876 309,73 true
877 309,74 true
878 309,74 true
879 309,74 true
880 309,74 true
881 309,74 true
882 309,74 true
883 309,74 true
884 309,74 true
885 309,74 true
886 309,74 true
887 309,74 true
888 309,74 true
889 309,75 true
890 309,75 true
891 309,75 true
892 309,75 true
893 309,75 true
894 309,75 true
895 309,75 true
896 309,75 true
897 309,75 true
898 309,75 true
899 309,75 true
900 309,75 true
901 309,76 true
902 309,76 true
903 309,76 true
904 309,76 true
905 309,76 true
906 309,76 true
907 309,76 true
908 309,76 true
909 309,76 true
910 309,76 true
911 309,76 true
912 309,76 true
913 309,77 true
914 309,77 true
915 309,77 true
916 309,77 true
917 309,77 true
918 309,77 true
919 309,77 true
920 309,77 true
921 309,77 true
922 309,77 true
923 309,77 true
924 309,77 true
925 309,78 true
926 309,78 true
927 309,78 true
928 309,78 true
929 309,78 true
930 309,78 true
931 309,78 true
932 309,78 true
933 309,78 true
934 309,78 true
935 309,78 true
936 309,78 true
937 309,79 true
938 309,79 true
939 309,79 true
940 309,79 true
941 309,79 true
942 309,79 true
943 309,79 true
944 309,79 true
945 309,79 true
946 309,79 true
947 309,79 true
948 309,79 true
949 309,80 true
950 309,80 true
951 309,80 true
952 309,80 true
953 309,80 true
954 309,80 true
955 309,80 true
956 309,80 true
957 309,80 true
958 309,80 true
959 309,80 true
960 309,80 true
961 309,81 true
962 309,81 true
963 309,81 true
964 309,81 true
965 309,81 true
966 309,81 true
967 309,81 true
968 309,81 true
969 309,81 true
970 309,81 true
971 309,81 true
972 309,81 true
973 309,82 true
974 309,82 true
975 309,82 true
976 309,82 true
977 309,82 true
978 309,82 true
979 309,82 true
980 309,82 true
981 309,82 true
982 309,82 true
983 309,82 true
984 309,82 true
985 309,83 true
986 309,83 true
987 309,83 true
988 309,83 true
989 309,83 true
990 309,83 true
991 309,83 true
992 309,83 true
993 309,83 true
994 309,83 true
995 309,83 true
996 309,83 true
997 309,84 true
998 309,84 true
999 309,84 true
1000 309,84 true
1001 309,84 true
1002 309,84 true
1003 309,84 true
1004 309,84 true
1005 309,84 true
1006 309,84 true
1007 309,84 true
1008 309,84 true
1009 309,85 true
1010 309,85 true
1011 309,85 true
1012 309,85 true
1013 309,85 true
1014 309,85 true
1015 309,85 true
1016 309,85 true
1017 309,85 true
1018 309,85 true
1019 309,85 true
1020 309,85 true
1021 309,86 true
1022 309,86 true
1023 309,86 true
1024 309,86 true
1025 309,86 true
1026 309,86 true
1027 309,86 true
1028 309,86 true
1029 309,86 true
1030 309,86 true
1031 309,86 true
1032 309,86 true
1033 309,87 true
1034 309,87 true
1035 309,87 true
1036 309,87 true
1037 309,87 true
1038 309,87 true
1039 309,87 true
1040 309,87 true
1041 309,87 true
1042 309,87 true
1043 309,87 true
1044 309,87 true
1045 309,88 true
1046 309,88 true
1047 309,88 true
1048 309,88 true
1049 309,88 true
1050 309,88 true
1051 309,88 true
1052 309,88 true
1053 309,88 true
1054 309,88 true
1055 309,88 true
1056 309,88 true
1057 309,89 true
1058 309,89 true
1059 309,89 true
1060 309,89 true
1061 309,89 true
1062 309,89 true
1063 309,89 true
1064 309,89 true
1065 309,89 true
1066 309,89 true
1067 309,89 true
1068 309,89 true
1069 309,90 true
1070 309,90 true
1071 309,90 true
1072 309,90 true
1073 309,90 true
1074 309,90 true
1075 309,90 true
1076 309,90 true
1077 309,90 true
1078 309,90 true
1079 309,90 true
1080 309,90 true
1081 309,91 true
1082 309,91 true
1083 309,91 true
1084 309,91 true
1085 309,91 true
1086 309,91 true
1087 309,91 true
1088 309,91 true
1089 309,91 true
1090 309,91 true
1091 309,91 true
1092 309,91 true
1093 309,92 true
1094 309,92 true
1095 309,92 true
1096 309,92 true
1097 309,92 true
1098 309,92 true
1099 309,92 true
1100 309,92 true
1101 309,92 true
1102 309,92 true
1103 309,92 true
1104 309,92 true
1105 309,93 true
1106 309,93 true
1107 309,93 true
1108 309,93 true
1109 309,93 true
1110 309,93 true
1111 309,93 true
1112 309,93 true
1113 309,93 true
1114 309,93 true
1115 309,93 true
1116 309,93 true
1117 309,94 true
1118 309,94 true
1119 309,94 true
1120 309,94 true
1121 309,94 true
1122 309,94 true
1123 309,94 true
1124 309,94 true
1125 309,94 true
1126 309,94 true
1127 309,94 true
1128 309,94 true
1129 309,95 true
1130 309,95 true
1131 309,95 true
1132 309,95 true
1133 309,95 true
1134 309,95 true
1135 309,95 true
1136 309,95 true
1137 309,95 true
1138 309,95 true
1139 309,95 true
1140 309,95 true
1141 309,96 true
1142 309,96 true
1143 309,96 true
1144 309,96 true
1145 309,96 true
1146 309,96 true
1147 309,96 true
1148 309,96 true
1149 309,96 true
1150 309,96 true
1151 309,96 true
1152 309,96 true
1153 309,97 true
1154 309,97 true
1155 309,97 true
1156 309,97 true
1157 309,97 true
1158 309,97 true
1159 309,97 true
1160 309,97 true
1161 309,97 true
1162 309,97 true
1163 309,97 true
1164 309,97 true
1165 309,98 true
1166 309,98 true
1167 309,98 true
1168 309,98 true
1169 309,98 true
1170 309,98 true
1171 309,98 true
1172 309,98 true
1173 309,98 true
1174 309,98 true
1175 309,98 true
1176 309,98 true
1177 309,99 true
1178 309,99 true
1179 309,99 true
1180 309,99 true
1181 309,99 true
1182 309,99 true
1183 309,99 true
1184 309,99 true
1185 309,99 true
1186 309,99 true
1187 309,99 true
1188 309,99 true
1189 309,100 true
1190 309,100 true
1191 309,100 true
1192 309,100 true
1193 309,100 true
1194 309,100 true
1195 309,100 true
1196 309,100 true
1197 309,100 true
1198 309,100 true
1199 309,100 true
1200 309,100 true
1201 309,101 true
1202 309,101 true
1203 309,101 true
1204 309,101 true
1205 309,101 true
1206 309,101 true
1207 309,101 true
1208 309,101 true
1209 309,101 true
1210 309,101 true
1211 309,101 true
1212 309,101 true
1213 309,102 true
1214 309,102 true
1215 309,102 true
1216 309,102 true
1217 309,102 true
1218 309,102 true
1219 309,102 true
1220 309,102 true
1221 309,102 true
1222 309,102 true
1223 309,102 true
1224 309,102 true
1225 309,103 true
1226 309,103 true
1227 309,103 true
1228 309,103 true
1229 309,103 true
1230 309,103 true
1231 309,103 true
1232 309,103 true
1233 309,103 true
1234 309,103 true
1235 309,103 true
1236 309,103 true
1237 309,104 true
1238 309,104 true
1239 309,104 true
1240 309,104 true
1241 309,104 true
1242 309,104 true
1243 309,104 true
1244 309,104 true
1245 309,104 true
1246 309,104 true
1247 309,104 true
1248 309,104 true
1249 309,105 true
1250 309,105 true
1251 309,105 true
1252 309,105 true
1253 309,105 true
1254 309,105 true
1255 309,105 true
1256 309,105 true
1257 309,105 true
1258 309,105 true
1259 309,105 true
1260 309,105 true
1261 309,106 true
1262 309,106 true
1263 309,106 true
1264 309,106 true
1265 309,106 true
1266 309,106 true
1267 309,106 true
1268 309,106 true
1269 309,106 true
1270 309,106 true
1271 309,106 true
1272 309,106 true
1273 309,107 true
1274 309,107 true
1275 309,107 true
1276 309,107 true
1277 309,107 true
1278 309,107 true
1279 309,107 true
1280 309,107 true
1281 309,107 true
1282 309,107 true
1283 309,107 true
1284 309,107 true
1285 309,108 true
1286 309,108 true
1287 309,108 true
1288 309,108 true
1289 309,108 true
1290 309,108 true
1291 309,108 true
1292 309,108 true
1293 309,108 true
1294 309,108 true
1295 309,108 true
1296 309,108 true
1297 309,109 true
1298 309,109 true
1299 309,109 true
1300 309,109 true
1301 309,109 true
1302 309,109 true
1303 309,109 true
1304 309,109 true
1305 309,109 true
1306 309,109 true
1307 309,109 true
1308 309,109 true
1309 309,110 true
1310 309,110 true
1311 309,110 true
1312 309,110 true
1313 309,110 true
1314 309,110 true
1315 309,110 true
1316 309,110 true
1317 309,110 true
1318 309,110 true
1319 309,110 true
1320 309,110 true
1321 309,111 true
1322 309,111 true
1323 309,111 true
1324 309,111 true
1325 309,111 true
1326 309,111 true
1327 309,111 true
1328 309,111 true
1329 309,111 true
1330 309,111 true
1331 309,111 true
1332 309,111 true
1333 309,112 true
1334 309,112 true
1335 309,112 true
1336 309,112 true
1337 309,112 true
1338 309,112 true
1339 309,112 true
1340 309,112 true
1341 309,112 true
1342 309,112 true
1343 309,112 true
1344 309,112 true
1345 309,113 true
1346 309,113 true
1347 309,113 true
1348 309,113 true
1349 309,113 true
1350 309,113 true
1351 309,113 true
1352 309,113 true
1353 309,113 true
1354 309,113 true
1355 309,113 true
1356 309,113 true
1357 309,114 true
1358 309,114 true
1359 309,114 true
1360 309,114 true
1361 309,114 true
1362 309,114 true
1363 309,114 true
1364 309,114 true
1365 309,114 true
1366 309,114 true
1367 309,114 true
1368 309,114 true
1369 309,115 true
1370 309,115 true
1371 309,115 true
1372 309,115 true
1373 309,115 true
1374 309,115 true
1375 309,115 true
1376 309,115 true
1377 309,115 true
1378 309,115 true
1379 309,115 true
1380 309,115 true
1381 309,116 true
1382 309,116 true
1383 309,116 true
1384 309,116 true
1385 309,116 true
1386 309,116 true
1387 309,116 true
1388 309,116 true
1389 309,116 true
1390 309,116 true
1391 309,116 true
1392 309,116 true
1393 309,117 true
1394 309,117 true
1395 309,117 true
1396 309,117 true
1397 309,117 true
1398 309,117 true
1399 309,117 true
1400 309,117 true
1401 309,117 true
1402 309,117 true
1403 309,117 true
1404 309,117 true
1405 309,118 true
1406 309,118 true
1407 309,118 true
1408 309,118 true
1409 309,118 true
1410 309,118 true
1411 309,118 true
1412 309,118 true
1413 309,118 true
1414 309,118 true
1415 309,118 true
1416 309,118 true
1417 309,119 true
1418 309,119 true
1419 309,119 true
1420 309,119 true
1421 309,119 true
1422 309,119 true
1423 309,119 true
1424 309,119 true
1425 309,119 true
1426 309,119 true
1427 309,119 true
1428 309,119 true
1429 309,120 true
1430 309,120 true
1431 309,120 true
1432 309,120 true
1433 309,120 true
1434 309,120 true
1435 309,120 true
1436 309,120 true
1437 309,120 true
1438 309,120 true
1439 309,120 true
1440 309,120 true
1441 309,121 true
1442 309,121 true
1443 309,121 true
1444 309,121 true
1445 309,121 true
1446 309,121 true
1447 309,121 true
1448 309,121 true
1449 309,121 true
1450 309,121 true
1451 309,121 true
1452 309,121 true
1453 309,122 true
1454 309,122 true
1455 309,122 true
1456 309,122 true
1457 309,122 true
1458 309,122 true
1459 309,122 true
1460 309,122 true
1461 309,122 true
1462 309,122 true
1463 309,122 true
1464 309,122 true
1465 309,123 true
1466 309,123 true
1467 309,123 true
1468 309,123 true
1469 309,123 true
1470 309,123 true
1471 309,123 true
1472 309,123 true
1473 309,123 true
1474 309,123 true
1475 309,123 true
1476 309,123 true
1477 309,124 true
1478 309,124 true
1479 309,124 true
1480 309,124 true
1481 309,124 true
1482 309,124 true
1483 309,124 true
1484 309,124 true
1485 309,124 true
1486 309,124 true
1487 309,124 true
1488 309,124 true
1489 309,125 true
1490 309,125 true
1491 309,125 true
1492 309,125 true
1493 309,125 true
1494 309,125 true
1495 309,125 true
1496 309,125 true
1497 309,125 true
1498 309,125 true
1499 309,125 true
1500 309,125 true
1501 309,126 true
1502 309,126 true
1503 309,126 true
1504 309,126 true
1505 309,126 true
1506 309,126 true
1507 309,126 true
1508 309,126 true
1509 309,126 true
1510 309,126 true
1511 309,126 true
1512 309,126 true
1513 309,127 true
1514 309,127 true
1515 309,127 true
1516 309,127 true
1517 309,127 true
1518 309,127 true
1519 309,127 true
1520 309,127 true
1521 309,127 true
1522 309,127 true
1523 309,127 true
1524 309,127 true
1525 309,128 true
1526 309,128 true
1527 309,128 true
1528 309,128 true
1529 309,128 true
1530 309,128 true
1531 309,128 true
1532 309,128 true
1533 309,128 true
1534 309,128 true
1535 309,128 true
1536 309,128 true
1537 309,129 true
1538 309,129 true
1539 309,129 true
1540 309,129 true
1541 309,129 true
1542 309,129 true
1543 309,129 true
1544 309,129 true
1545 309,129 true
1546 309,129 true
1547 309,129 true
1548 309,129 true
1549 309,130 true
1550 309,130 true
1551 309,130 true
1552 309,130 true
1553 309,130 true
1554 309,130 true
1555 309,130 true
1556 309,130 true
1557 309,130 true
1558 309,130 true
1559 309,130 true
1560 309,130 true
1561 309,131 true
1562 309,131 true
1563 309,131 true
1564 309,131 true
1565 309,131 true
1566 309,131 true
1567 309,131 true
1568 309,131 true
1569 309,131 true
1570 309,131 true
1571 309,131 true
1572 309,131 true
1573 309,132 true
1574 309,132 true
1575 309,132 true
1576 309,132 true
1577 309,132 true
1578 309,132 true
1579 309,132 true
1580 309,132 true
1581 309,132 true
1582 309,132 true
1583 309,132 true
1584 309,132 true
1585 309,133 true
1586 309,133 true
1587 309,133 true
1588 309,133 true
1589 309,133 true
1590 309,133 true
1591 309,133 true
1592 309,133 true
1593 309,133 true
1594 309,133 true
1595 309,133 true
1596 309,133 true
1597 309,134 true
1598 309,134 true
1599 309,134 true
1600 309,134 true
1601 309,134 true
1602 309,134 true
1603 309,134 true
1604 309,134 true
1605 309,134 true
1606 309,134 true
1607 309,134 true
1608 309,134 true
1609 309,135 true
1610 309,135 true
1611 309,135 true
1612 309,135 true
1613 309,135 true
1614 309,135 true
1615 309,135 true
1616 309,135 true
1617 309,135 true
1618 309,135 true
1619 309,135 true
1620 309,135 true
1621 309,136 true
1622 309,136 true
1623 309,136 true
1624 309,136 true
1625 309,136 true
1626 309,136 true
1627 309,136 true
1628 309,136 true
1629 309,136 true
1630 309,136 true
1631 309,136 true
1632 309,136 true
1633 309,137 true
1634 309,137 true
1635 309,137 true
1636 309,137 true
1637 309,137 true
1638 309,137 true
1639 309,137 true
1640 309,137 true
1641 309,137 true
1642 309,137 true
1643 309,137 true
1644 309,137 true
1645 309,138 true
1646 309,138 true
1647 309,138 true
1648 309,138 true
1649 309,138 true
1650 309,138 true
1651 309,138 true
1652 309,138 true
1653 309,138 true
1654 309,138 true
1655 309,138 true
1656 309,138 true
1657 309,139 true
1658 309,139 true
1659 309,139 true
1660 309,139 true
1661 309,139 true
1662 309,139 true
1663 309,139 true
1664 309,139 true
1665 309,139 true
1666 309,139 true
1667 309,139 true
1668 309,139 true
1669 309,140 true
1670 309,140 true
1671 309,140 true
1672 309,140 true
1673 309,140 true
1674 309,140 true
1675 309,140 true
1676 309,140 true
1677 309,140 true
1678 309,140 true
1679 309,140 true
1680 309,140 true
1681 309,141 true
1682 309,141 true
1683 309,141 true
1684 309,141 true
1685 309,141 true
1686 309,141 true
1687 309,141 true
1688 309,141 true
1689 309,141 true
1690 309,141 true
1691 309,141 true
1692 309,141 true
1693 309,142 true
1694 309,142 true
1695 309,142 true
1696 309,142 true
1697 309,142 true
1698 309,142 true
1699 309,142 true
1700 309,142 true
1701 309,142 true
1702 309,142 true
1703 309,142 true
1704 309,142 true
1705 309,143 true
1706 309,143 true
1707 309,143 true
1708 309,143 true
1709 309,143 true
1710 309,143 true
1711 309,143 true
1712 309,143 true
1713 309,143 true
1714 309,143 true
1715 309,143 true
1716 309,143 true
1717 309,144 true
1718 309,144 true
1719 309,144 true
1720 309,144 true
1721 309,144 true
1722 309,144 true
1723 309,144 true
1724 309,144 true
1725 309,144 true
1726 309,144 true
1727 309,144 true
1728 309,144 true
1729 309,145 true
1730 309,145 true
1731 309,145 true
1732 309,145 true
1733 309,145 true
1734 309,145 true
1735 309,145 true
1736 309,145 true
1737 309,145 true
1738 309,145 true
1739 309,145 true
1740 309,145 true
1741 309,146 true
1742 309,146 true
1743 309,146 true
1744 309,146 true
1745 309,146 true
1746 309,146 true
1747 309,146 true
1748 309,146 true
1749 309,146 true
1750 309,146 true
1751 309,146 true
1752 309,146 true
1753 309,147 true
1754 309,147 true
1755 309,147 true
1756 309,147 true
1757 309,147 true
1758 309,147 true
1759 309,147 true
1760 309,147 true
1761 309,147 true
1762 309,147 true
1763 309,147 true
1764 309,147 true
1765 309,148 true
1766 309,148 true
1767 309,148 true
1768 309,148 true
1769 309,148 true
1770 309,148 true
1771 309,148 true
1772 309,148 true
1773 309,148 true
1774 309,148 true
1775 309,148 true
1776 309,148 true
1777 309,149 true
1778 309,149 true
1779 309,149 true
1780 309,149 true
1781 309,149 true
1782 309,149 true
1783 309,149 true
1784 309,149 true
1785 309,149 true
1786 309,149 true
1787 309,149 true
1788 309,149 true
1789 309,150 true
1790 309,150 true
1791 309,150 true
1792 309,150 true
1793 309,150 true
1794 309,150 true
1795 309,150 true
1796 309,150 true
1797 309,150 true
1798 309,150 true
1799 309,150 true
1800 309,150 true
1801 309,151 true
1802 309,151 true
1803 309,151 true
1804 309,151 true
1805 309,151 true
1806 309,151 true
1807 309,151 true
1808 309,151 true
1809 309,151 true
1810 309,151 true
1811 309,151 true
1812 309,151 true
1813 309,152 true
1814 309,152 true
1815 309,152 true
1816 309,152 true
1817 309,152 true
1818 309,152 true
1819 309,152 true
1820 309,152 true
1821 309,152 true
1822 309,152 true
1823 309,152 true
1824 309,152 true
1825 309,153 true
1826 309,153 true
1827 309,153 true
1828 309,153 true
1829 309,153 true
1830 309,153 true
1831 309,153 true
1832 309,153 true
1833 309,153 true
1834 309,153 true
1835 309,153 true
1836 309,153 true
1837 309,154 true
1838 309,154 true
1839 309,154 true
1840 309,154 true
1841 309,154 true
1842 309,154 true
1843 309,154 true
1844 309,154 true
1845 309,154 true
1846 309,154 true
1847 309,154 true
1848 309,154 true
1849 309,155 true
1850 309,155 true
1851 309,155 true
1852 309,155 true
1853 309,155 true
1854 309,155 true
1855 309,155 true
1856 309,155 true
1857 309,155 true
1858 309,155 true
1859 309,155 true
1860 309,155 true
1861 309,156 true
1862 309,156 true
1863 309,156 true
1864 309,156 true
1865 309,156 true
1866 309,156 true
1867 309,156 true
1868 309,156 true
1869 309,156 true
1870 309,156 true
1871 309,156 true
1872 309,156 true
1873 309,157 true
1874 309,157 true
1875 309,157 true
1876 309,157 true
1877 309,157 true
1878 309,157 true
1879 309,157 true
1880 309,157 true
1881 309,157 true
1882 309,157 true
1883 309,157 true
1884 309,157 true
1885 309,158 true
1886 309,158 true
1887 309,158 true
1888 309,158 true
1889 309,158 true
1890 309,158 true
1891 309,158 true
1892 309,158 true
1893 309,158 true
1894 309,158 true
1895 309,158 true
1896 309,158 true
1897 309,159 true
1898 309,159 true
1899 309,159 true
1900 309,159 true
1901 309,159 true
1902 309,159 true
1903 309,159 true
1904 309,159 true
1905 309,159 true
1906 309,159 true
1907 309,159 true
1908 309,159 true
1909 309,160 true
1910 309,160 true
1911 309,160 true
1912 309,160 true
1913 309,160 true
1914 309,160 true
1915 309,160 true
1916 309,160 true
1917 309,160 true
1918 309,160 true
1919 309,160 true
1920 309,160 true
1921 309,161 true
1922 309,161 true
1923 309,161 true
1924 309,161 true
1925 309,161 true
1926 309,161 true
1927 309,161 true
1928 309,161 true
1929 309,161 true
1930 309,161 true
1931 309,161 true
1932 309,161 true
1933 309,162 true
1934 309,162 true
1935 309,162 true
1936 309,162 true
1937 309,162 true
1938 309,162 true
1939 309,162 true
1940 309,162 true
1941 309,162 true
1942 309,162 true
1943 309,162 true
1944 309,162 true
1945 309,163 true
1946 309,163 true
1947 309,163 true
1948 309,163 true
1949 309,163 true
1950 309,163 true
1951 309,163 true
1952 309,163 true
1953 309,163 true
1954 309,163 true
1955 309,163 true
1956 309,163 true
1957 309,164 true
1958 309,164 true
1959 309,164 true
1960 309,164 true
1961 309,164 true
1962 309,164 true
1963 309,164 true
1964 309,164 true
1965 309,164 true
1966 309,164 true
1967 309,164 true
1968 309,164 true
1969 309,165 true
1970 309,165 true
1971 309,165 true
1972 309,165 true
1973 309,165 true
1974 309,165 true
1975 309,165 true
1976 309,165 true
1977 309,165 true
1978 309,165 true
1979 309,165 true
1980 309,165 true
1981 309,166 true
1982 309,166 true
1983 309,166 true
1984 309,166 true
1985 309,166 true
1986 309,166 true
1987 309,166 true
1988 309,166 true
1989 309,166 true
1990 309,166 true
1991 309,166 true
1992 309,166 true
1993 309,167 true
1994 309,167 true
1995 309,167 true
1996 309,167 true
1997 309,167 true
1998 309,167 true
1999 309,167 true
2000 309,167 true
2001 309,167 true
2002 309,167 true
2003 309,167 true
2004 309,167 true
2005 309,168 true
2006 309,168 true
2007 309,168 true
2008 309,168 true
2009 309,168 true
2010 309,168 true
2011 309,168 true
2012 309,168 true
2013 309,168 true
2014 309,168 true
2015 309,168 true
2016 309,168 true
2017 309,169 true
2018 309,169 true
2019 309,169 true
2020 309,169 true
2021 309,169 true
2022 309,169 true
2023 309,169 true
2024 309,169 true
2025 309,169 true
2026 309,169 true
2027 309,169 true
2028 309,169 true
2029 309,170 true
2030 309,170 true
2031 309,170 true
2032 309,170 true
2033 309,170 true
2034 309,170 true
2035 309,170 true
2036 309,170 true
2037 309,170 true
2038 309,170 true
2039 309,170 true
2040 309,170 true
2041 309,171 true
2042 309,171 true
2043 309,171 true
2044 309,171 true
2045 309,171 true
2046 309,171 true
2047 309,171 true
2048 309,171 true
2049 309,171 true
2050 309,171 true
2051 309,171 true
2052 309,171 true
2053 309,172 true
2054 309,172 true
2055 309,172 true
2056 309,172 true
2057 309,172 true
2058 309,172 true
2059 309,172 true
2060 309,172 true
2061 309,172 true
2062 309,172 true
2063 309,172 true
2064 309,172 true
2065 309,173 true
2066 309,173 true
2067 309,173 true
2068 309,173 true
2069 309,173 true
2070 309,173 true
2071 309,173 true
2072 309,173 true
2073 309,173 true
2074 309,173 true
2075 309,173 true
2076 309,173 true
2077 309,174 true
2078 309,174 true
2079 309,174 true
2080 309,174 true
2081 309,174 true
2082 309,174 true
2083 309,174 true
2084 309,174 true
2085 309,174 true
2086 309,174 true
2087 309,174 true
2088 309,174 true
2089 309,175 true
2090 309,175 true
2091 309,175 true
2092 309,175 true
2093 309,175 true
2094 309,175 true
2095 309,175 true
2096 309,175 true
2097 309,175 true
2098 309,175 true
2099 309,175 true
2100 309,175 true
2101 309,176 true
2102 309,176 true
2103 309,176 true
2104 309,176 true
2105 309,176 true
2106 309,176 true
2107 309,176 true
2108 309,176 true
2109 309,176 true
2110 309,176 true
2111 309,176 true
2112 309,176 true
2113 309,177 true
2114 309,177 true
2115 309,177 true
2116 309,177 true
2117 309,177 true
2118 309,177 true
2119 309,177 true
2120 309,177 true
2121 309,177 true
2122 309,177 true
2123 309,177 true
2124 309,177 true
2125 309,178 true
2126 309,178 true
2127 309,178 true
2128 309,178 true
2129 309,178 true
2130 309,178 true
2131 309,178 true
2132 309,178 true
2133 309,178 true
2134 309,178 true
2135 309,178 true
2136 309,178 true
2137 309,179 true
2138 309,179 true
2139 309,179 true
2140 309,179 true
2141 309,179 true
2142 309,179 true
2143 309,179 true
2144 309,179 true
2145 309,179 true
2146 309,179 true
2147 309,179 true
2148 309,179 true
2149 309,180 true
2150 309,180 true
2151 309,180 true
2152 309,180 true
2153 309,180 true
2154 309,180 true
2155 309,180 true
2156 309,180 true
2157 309,180 true
2158 309,180 true
2159 309,180 true
2160 309,180 true
2161 309,181 true
2162 309,181 true
2163 309,181 true
2164 309,181 true
2165 309,181 true
2166 309,181 true
2167 309,181 true
2168 309,181 true
2169 309,181 true
2170 309,181 true
2171 309,181 true
2172 309,181 true
2173 309,182 true
2174 309,182 true
2175 309,182 true
2176 309,182 true
2177 309,182 true
2178 309,182 true
2179 309,182 true
2180 309,182 true
2181 309,182 true
2182 309,182 true
2183 309,182 true
2184 309,182 true
2185 309,183 true
2186 309,183 true
2187 309,183 true
2188 309,183 true
2189 309,183 true
2190 309,183 true
2191 309,183 true
2192 309,183 true
2193 309,183 true
2194 309,183 true
2195 309,183 true
2196 309,183 true
2197 309,184 true
2198 309,184 true
2199 309,184 true
2200 309,184 true
2201 309,184 true
2202 309,184 true
2203 309,184 true
2204 309,184 true
2205 309,184 true
2206 309,184 true
2207 309,184 true
2208 309,184 true
2209 309,185 true
2210 309,185 true
2211 309,185 true
2212 309,185 true
2213 309,185 true
2214 309,185 true
2215 309,185 true
2216 309,185 true
2217 309,185 true
2218 309,185 true
2219 309,185 true
2220 309,185 true
2221 309,186 true
2222 309,186 true
2223 309,186 true
2224 309,186 true
2225 309,186 true
2226 309,186 true
2227 309,186 true
2228 309,186 true
2229 309,186 true
2230 309,186 true
2231 309,186 true
2232 309,186 true
2233 309,187 true
2234 309,187 true
2235 309,187 true
2236 309,187 true
2237 309,187 true
2238 309,187 true
2239 309,187 true
2240 309,187 true
2241 309,187 true
2242 309,187 true
2243 309,187 true
2244 309,187 true
2245 309,188 true
2246 309,188 true
2247 309,188 true
2248 309,188 true
2249 309,188 true
2250 309,188 true
2251 309,188 true
2252 309,188 true
2253 309,188 true
2254 309,188 true
2255 309,188 true
2256 309,188 true
2257 309,189 true
2258 309,189 true
2259 309,189 true
2260 309,189 true
2261 309,189 true
2262 309,189 true
2263 309,189 true
2264 309,189 true
2265 309,189 true
2266 309,189 true
2267 309,189 true
2268 309,189 true
2269 309,190 true
2270 309,190 true
2271 309,190 true
2272 309,190 true
2273 309,190 true
2274 309,190 true
2275 309,190 true
2276 309,190 true
2277 309,190 true
2278 309,190 true
2279 309,190 true
2280 309,190 true
2281 309,191 true
2282 309,191 true
2283 309,191 true
2284 309,191 true
2285 309,191 true
2286 309,191 true
2287 309,191 true
2288 309,191 true
2289 309,191 true
2290 309,191 true
2291 309,191 true
2292 309,191 true
2293 309,192 true
2294 309,192 true
2295 309,192 true
2296 309,192 true
2297 309,192 true
2298 309,192 true
2299 309,192 true
2300 309,192 true
2301 309,192 true
2302 309,192 true
2303 309,192 true
2304 309,192 true
2305 309,193 true
2306 309,193 true
2307 309,193 true
2308 309,193 true
2309 309,193 true
2310 309,193 true
2311 309,193 true
2312 309,193 true
2313 309,193 true
2314 309,193 true
2315 309,193 true
2316 309,193 true
2317 309,194 true
2318 309,194 true
2319 309,194 true
2320 309,194 true
2321 309,194 true
2322 309,194 true
2323 309,194 true
2324 309,194 true
2325 309,194 true
2326 309,194 true
2327 309,194 true
2328 309,194 true
2329 309,195 true
2330 309,195 true
2331 309,195 true
2332 309,195 true
2333 309,195 true
2334 309,195 true
2335 309,195 true
2336 309,195 true
2337 309,195 true
2338 309,195 true
2339 309,195 true
2340 309,195 true
2341 309,196 true
2342 309,196 true
2343 309,196 true
2344 309,196 true
2345 309,196 true
2346 309,196 true
2347 309,196 true
2348 309,196 true
2349 309,196 true
2350 309,196 true
2351 309,196 true
2352 309,196 true
2353 309,197 true
2354 309,197 true
2355 309,197 true
2356 309,197 true
2357 309,197 true
2358 309,197 true
2359 309,197 true
2360 309,197 true
2361 309,197 true
2362 309,197 true
2363 309,197 true
2364 309,197 true
2365 309,198 true
2366 309,198 true
2367 309,198 true
2368 309,198 true
2369 309,198 true
2370 309,198 true
2371 309,198 true
2372 309,198 true
2373 309,198 true
2374 309,198 true
2375 309,198 true
2376 309,198 true
2377 309,199 true
2378 309,199 true
2379 309,199 true
2380 309,199 true
2381 309,199 true
2382 309,199 true
2383 309,199 true
2384 309,199 true
2385 309,199 true
2386 309,199 true
2387 309,199 true
2388 309,199 true
2389 309,200 true
2390 309,200 true
2391 309,200 true
2392 309,200 true
2393 309,200 true
2394 309,200 true
2395 309,200 true
2396 309,200 true
2397 309,200 true
2398 309,200 true
2399 309,200 true
2400 309,200 true
2401 309,201 true
2402 309,201 true
2403 309,201 true
2404 309,201 true
2405 309,201 true
2406 309,201 true
2407 309,201 true
2408 309,201 true
2409 309,201 true
2410 309,201 true
2411 309,201 true
2412 309,201 true
2413 309,202 true
2414 309,202 true
2415 309,202 true
2416 309,202 true
2417 309,202 true
2418 309,202 true
2419 309,202 true
2420 309,202 true
2421 309,202 true
2422 309,202 true
2423 309,202 true
2424 309,202 true
2425 309,203 true
2426 309,203 true
2427 309,203 true
2428 309,203 true
2429 309,203 true
2430 309,203 true
2431 309,203 true
2432 309,203 true
2433 309,203 true
2434 309,203 true
2435 309,203 true
2436 309,203 true
2437 309,204 true
2438 309,204 true
2439 309,204 true
2440 309,204 true
2441 309,204 true
2442 309,204 true
2443 309,204 true
2444 309,204 true
2445 309,204 true
2446 309,204 true
2447 309,204 true
2448 309,204 true
2449 309,205 true
2450 309,205 true
2451 309,205 true
2452 309,205 true
2453 309,205 true
2454 309,205 true
2455 309,205 true
2456 309,205 true
2457 309,205 true
2458 309,205 true
2459 309,205 true
2460 309,205 true
2461 309,206 true
2462 309,206 true
2463 309,206 true
2464 309,206 true
2465 309,206 true
2466 309,206 true
2467 309,206 true
2468 309,206 true
2469 309,206 true
2470 309,206 true
2471 309,206 true
2472 309,206 true
2473 309,207 true
2474 309,207 true
2475 309,207 true
2476 309,207 true
2477 309,207 true
2478 309,207 true
2479 309,207 true
2480 309,207 true
2481 309,207 true
2482 309,207 true
2483 309,207 true
2484 309,207 true
2485 309,208 true
2486 309,208 true
2487 309,208 true
2488 309,208 true
2489 309,208 true
2490 309,208 true
2491 309,208 true
2492 309,208 true
2493 309,208 true
2494 309,208 true
2495 309,208 true
2496 309,208 true
2497 309,209 true
2498 309,209 true
2499 309,209 true
2500 309,209 true
2501 309,209 true
2502 309,209 true
2503 309,209 true
2504 309,209 true
2505 309,209 true
2506 309,209 true
2507 309,209 true
2508 309,209 true
2509 309,210 true
2510 309,210 true
2511 309,210 true
2512 309,210 true
2513 309,210 true
2514 309,210 true
2515 309,210 true
2516 309,210 true
2517 309,210 true
2518 309,210 true
2519 309,210 true
2520 309,210 true
2521 309,211 true
2522 309,211 true
2523 309,211 true
2524 309,211 true
2525 309,211 true
2526 309,211 true
2527 309,211 true
2528 309,211 true
2529 309,211 true
2530 309,211 true
2531 309,211 true
2532 309,211 true
2533 309,212 true
2534 309,212 true
2535 309,212 true
2536 309,212 true
2537 309,212 true
2538 309,212 true
2539 309,212 true
2540 309,212 true
2541 309,212 true
2542 309,212 true
2543 309,212 true
2544 309,212 true
2545 309,213 true
2546 309,213 true
2547 309,213 true
2548 309,213 true
2549 309,213 true
2550 309,213 true
2551 309,213 true
2552 309,213 true
2553 309,213 true
2554 309,213 true
2555 309,213 true
2556 309,213 true
2557 309,214 true
2558 309,214 true
2559 309,214 true
2560 309,214 true
2561 309,214 true
2562 309,214 true
2563 309,214 true
2564 309,214 true
2565 309,214 true
2566 309,214 true
2567 309,214 true
2568 309,214 true
2569 309,215 true
2570 309,215 true
2571 309,215 true
2572 309,215 true
2573 309,215 true
2574 309,215 true
2575 309,215 true
2576 309,215 true
2577 309,215 true
2578 309,215 true
2579 309,215 true
2580 309,215 true
2581 309,216 true
2582 309,216 true
2583 309,216 true
2584 309,216 true
2585 309,216 true
2586 309,216 true
2587 309,216 true
2588 309,216 true
2589 309,216 true
2590 309,216 true
2591 309,216 true
2592 309,216 true
2593 309,217 true
2594 309,217 true
2595 309,217 true
2596 309,217 true
2597 309,217 true
2598 309,217 true
2599 309,217 true
2600 309,217 true
2601 309,217 true
2602 309,217 true
2603 309,217 true
2604 309,217 true
2605 309,218 true
2606 309,218 true
2607 309,218 true
2608 309,218 true
2609 309,218 true
2610 309,218 true
2611 309,218 true
2612 309,218 true
2613 309,218 true
2614 309,218 true
2615 309,218 true
2616 309,218 true
2617 309,219 true
2618 309,219 true
2619 309,219 true
2620 309,219 true
2621 309,219 true
2622 309,219 true
2623 309,219 true
2624 309,219 true
2625 309,219 true
2626 309,219 true
2627 309,219 true
2628 309,219 true
2629 309,220 true
2630 309,220 true
2631 309,220 true
2632 309,220 true
2633 309,220 true
2634 309,220 true
2635 309,220 true
2636 309,220 true
2637 309,220 true
2638 309,220 true
2639 309,220 true
2640 309,220 true
2641 309,221 true
2642 309,221 true
2643 309,221 true
2644 309,221 true
2645 309,221 true
2646 309,221 true
2647 309,221 true
2648 309,221 true
2649 309,221 true
2650 309,221 true
2651 309,221 true
2652 309,221 true
2653 309,222 true
2654 309,222 true
2655 309,222 true
2656 309,222 true
2657 309,222 true
2658 309,222 true
2659 309,222 true
2660 309,222 true
2661 309,222 true
2662 309,222 true
2663 309,222 true
2664 309,222 true
2665 309,223 true
2666 309,223 true
2667 309,223 true
2668 309,223 true
2669 309,223 true
2670 309,223 true
2671 309,223 true
2672 309,223 true
2673 309,223 true
2674 309,223 true
2675 309,223 true
2676 309,223 true
2677 309,224 true
2678 309,224 true
2679 309,224 true
2680 309,224 true
2681 309,224 true
2682 309,224 true
2683 309,224 true
2684 309,224 true
2685 309,224 true
2686 309,224 true
2687 309,224 true
2688 309,224 true
2689 309,225 true
2690 309,225 true
2691 309,225 true
2692 309,225 true
2693 309,225 true
2694 309,225 true
2695 309,225 true
2696 309,225 true
2697 309,225 true
2698 309,225 true
2699 309,225 true
2700 309,225 true
2701 309,226 true
2702 309,226 true
2703 309,226 true
2704 309,226 true
2705 309,226 true
2706 309,226 true
2707 309,226 true
2708 309,226 true
2709 309,226 true
2710 309,226 true
2711 309,226 true
2712 309,226 true
2713 309,227 true
2714 309,227 true
2715 309,227 true
2716 309,227 true
2717 309,227 true
2718 309,227 true
2719 309,227 true
2720 309,227 true
2721 309,227 true
2722 309,227 true
2723 309,227 true
2724 309,227 true
2725 309,228 true
2726 309,228 true
2727 309,228 true
2728 309,228 true
2729 309,228 true
2730 309,228 true
2731 309,228 true
2732 309,228 true
2733 309,228 true
2734 309,228 true
2735 309,228 true
2736 309,228 true
2737 309,229 true
2738 309,229 true
2739 309,229 true
2740 309,229 true
2741 309,229 true
2742 309,229 true
2743 309,229 true
2744 309,229 true
2745 309,229 true
2746 309,229 true
2747 309,229 true
2748 309,229 true
2749 309,230 true
2750 309,230 true
2751 309,230 true
2752 309,230 true
2753 309,230 true
2754 309,230 true
2755 309,230 true
2756 309,230 true
2757 309,230 true
2758 309,230 true
2759 309,230 true
2760 309,230 true
2761 309,231 true
2762 309,231 true
2763 309,231 true
2764 309,231 true
2765 309,231 true
2766 309,231 true
2767 309,231 true
2768 309,231 true
2769 309,231 true
2770 309,231 true
2771 309,231 true
2772 309,231 true
2773 309,232 true
2774 309,232 true
2775 309,232 true
2776 309,232 true
2777 309,232 true
2778 309,232 true
2779 309,232 true
2780 309,232 true
2781 309,232 true
2782 309,232 true
2783 309,232 true
2784 309,232 true
2785 309,233 true
2786 309,233 true
2787 309,233 true
2788 309,233 true
2789 309,233 true
2790 309,233 true
2791 309,233 true
2792 309,233 true
2793 309,233 true
2794 309,233 true
2795 309,233 true
2796 309,233 true
2797 309,234 true
2798 309,234 true
2799 309,234 true
2800 309,234 true
2801 309,234 true
2802 309,234 true
2803 309,234 true
2804 309,234 true
2805 309,234 true
2806 309,234 true
2807 309,234 true
2808 309,234 true
2809 309,235 true
2810 309,235 true
2811 309,235 true
2812 309,235 true
2813 309,235 true
2814 309,235 true
2815 309,235 true
2816 309,235 true
2817 309,235 true
2818 309,235 true
2819 309,235 true
2820 309,235 true
2821 309,236 true
2822 309,236 true
2823 309,236 true
2824 309,236 true
2825 309,236 true
2826 309,236 true
2827 309,236 true
2828 309,236 true
2829 309,236 true
2830 309,236 true
2831 309,236 true
2832 309,236 true
2833 309,237 true
2834 309,237 true
2835 309,237 true
2836 309,237 true
2837 309,237 true
2838 309,237 true
2839 309,237 true
2840 309,237 true
2841 309,237 true
2842 309,237 true
2843 309,237 true
2844 309,237 true
2845 309,238 true
2846 309,238 true
2847 309,238 true
2848 309,238 true
2849 309,238 true
2850 309,238 true
2851 309,238 true
2852 309,238 true
2853 309,238 true
2854 309,238 true
2855 309,238 true
2856 309,238 true
2857 309,239 true
2858 309,239 true
2859 309,239 true
2860 309,239 true
2861 309,239 true
2862 309,239 true
2863 309,239 true
2864 309,239 true
2865 309,239 true
2866 309,239 true
2867 309,239 true
2868 309,239 true
2869 309,240 true
2870 309,240 true
2871 309,240 true
2872 309,240 true
2873 309,240 true
2874 309,240 true
2875 309,240 true
2876 309,240 true
2877 309,240 true
2878 309,240 true
2879 309,240 true
2880 309,240 true
2881 309,241 true
2882 309,241 true
2883 309,241 true
2884 309,241 true
2885 309,241 true
2886 309,241 true
2887 309,241 true
2888 309,241 true
2889 309,241 true
2890 309,241 true
2891 309,241 true
2892 309,241 true
2893 309,242 true
2894 309,242 true
2895 309,242 true
2896 309,242 true
2897 309,242 true
2898 309,242 true
2899 309,242 true
2900 309,242 true
2901 309,242 true
2902 309,242 true
2903 309,242 true
2904 309,242 true
2905 309,243 true
2906 309,243 true
2907 309,243 true
2908 309,243 true
2909 309,243 true
2910 309,243 true
2911 309,243 true
2912 309,243 true
2913 309,243 true
2914 309,243 true
2915 309,243 true
2916 309,243 true
2917 309,244 true
2918 309,244 true
2919 309,244 true
2920 309,244 true
2921 309,244 true
2922 309,244 true
2923 309,244 true
2924 309,244 true
2925 309,244 true
2926 309,244 true
2927 309,244 true
2928 309,244 true
2929 309,245 true
2930 309,245 true
2931 309,245 true
2932 309,245 true
2933 309,245 true
2934 309,245 true
2935 309,245 true
2936 309,245 true
2937 309,245 true
2938 309,245 true
2939 309,245 true
2940 309,245 true
2941 309,246 true
2942 309,246 true
2943 309,246 true
2944 309,246 true
2945 309,246 true
2946 309,246 true
2947 309,246 true
2948 309,246 true
2949 309,246 true
2950 309,246 true
2951 309,246 true
2952 309,246 true
2953 309,247 true
2954 309,247 true
2955 309,247 true
2956 309,247 true
2957 309,247 true
2958 309,247 true
2959 309,247 true
2960 309,247 true
2961 309,247 true
2962 309,247 true
2963 309,247 true
2964 309,247 true
2965 309,248 true
2966 309,248 true
2967 309,248 true
2968 309,248 true
2969 309,248 true
2970 309,248 true
2971 309,248 true
2972 309,248 true
2973 309,248 true
2974 309,248 true
2975 309,248 true
2976 309,248 true
2977 309,249 true
2978 309,249 true
2979 309,249 true
2980 309,249 true
2981 309,249 true
2982 309,249 true
2983 309,249 true
2984 309,249 true
2985 309,249 true
2986 309,249 true
2987 309,249 true
2988 309,249 true
2989 309,250 true
2990 309,250 true
2991 309,250 true
2992 309,250 true
2993 309,250 true
2994 309,250 true
2995 309,250 true
2996 309,250 true
2997 309,250 true
2998 309,250 true
2999 309,250 true
3000 309,250 true
3001 309,251 true
3002 309,251 true
3003 309,251 true
3004 309,251 true
3005 309,251 true
3006 309,251 true
3007 309,251 true
3008 309,251 true
3009 309,251 true
3010 309,251 true
3011 309,251 true
3012 309,251 true
3013 309,252 true
3014 309,252 true
3015 309,252 true
3016 309,252 true
3017 309,252 true
3018 309,252 true
3019 309,252 true
3020 309,252 true
3021 309,252 true
3022 309,252 true
3023 309,252 true
3024 309,252 true
3025 309,253 true
3026 309,253 true
3027 309,253 true
3028 309,253 true
3029 309,253 true
3030 309,253 true
3031 309,253 true
3032 309,253 true
3033 309,253 true
3034 309,253 true
3035 309,253 true
3036 309,253 true
3037 309,254 true
3038 309,254 true
3039 309,254 true
3040 309,254 true
3041 309,254 true
3042 309,254 true
3043 309,254 true
3044 309,254 true
3045 309,254 true
3046 309,254 true
3047 309,254 true
3048 309,254 true
3049 309,255 true
3050 309,255 true
3051 309,255 true
3052 309,255 true
3053 309,255 true
3054 309,255 true
3055 309,255 true
3056 309,255 true
3057 309,255 true
3058 309,255 true
3059 309,255 true
3060 309,255 true
3061 309,256 true
3062 309,256 true
3063 309,256 true
3064 309,256 true
3065 309,256 true
3066 309,256 true
3067 309,256 true
3068 309,256 true
3069 309,256 true
3070 309,256 true
3071 309,256 true
3072 309,256 true
3073 309,257 true
3074 309,257 true
3075 309,257 true
3076 309,257 true
3077 309,257 true
3078 309,257 true
3079 309,257 true
3080 309,257 true
3081 309,257 true
3082 309,257 true
3083 309,257 true
3084 309,257 true
3085 309,258 true
3086 309,258 true
3087 309,258 true
3088 309,258 true
3089 309,258 true
3090 309,258 true
3091 309,258 true
3092 309,258 true
3093 309,258 true
3094 309,258 true
3095 309,258 true
3096 309,258 true
3097 309,259 true
3098 309,259 true
3099 309,259 true
3100 309,259 true
3101 309,259 true
3102 309,259 true
3103 309,259 true
3104 309,259 true
3105 309,259 true
3106 309,259 true
3107 309,259 true
3108 309,259 true
3109 309,260 true
3110 309,260 true
3111 309,260 true
3112 309,260 true
3113 309,260 true
3114 309,260 true
3115 309,260 true
3116 309,260 true
3117 309,260 true
3118 309,260 true
3119 309,260 true
3120 309,260 true
3121 309,261 true
3122 309,261 true
3123 309,261 true
3124 309,261 true
3125 309,261 true
3126 309,261 true
3127 309,261 true
3128 309,261 true
3129 309,261 true
3130 309,261 true
3131 309,261 true
3132 309,261 true
3133 309,262 true
3134 309,262 true
3135 309,262 true
3136 309,262 true
3137 309,262 true
3138 309,262 true
3139 309,262 true
3140 309,262 true
3141 309,262 true
3142 309,262 true
3143 309,262 true
3144 309,262 true
3145 309,263 true
3146 309,263 true
3147 309,263 true
3148 309,263 true
3149 309,263 true
3150 309,263 true
3151 309,263 true
3152 309,263 true
3153 309,263 true
3154 309,263 true
3155 309,263 true
3156 309,263 true
3157 309,264 true
3158 309,264 true
3159 309,264 true
3160 309,264 true
3161 309,264 true
3162 309,264 true
3163 309,264 true
3164 309,264 true
3165 309,264 true
3166 309,264 true
3167 309,264 true
3168 309,264 true
3169 309,265 true
3170 309,265 true
3171 309,265 true
3172 309,265 true
3173 309,265 true
3174 309,265 true
3175 309,265 true
3176 309,265 true
3177 309,265 true
3178 309,265 true
3179 309,265 true
3180 309,265 true
3181 309,266 true
3182 309,266 true
3183 309,266 true
3184 309,266 true
3185 309,266 true
3186 309,266 true
3187 309,266 true
3188 309,266 true
3189 309,266 true
3190 309,266 true
3191 309,266 true
3192 309,266 true
3193 309,267 true
3194 309,267 true
3195 309,267 true
3196 309,267 true
3197 309,267 true
3198 309,267 true
3199 309,267 true
3200 309,267 true
3201 309,267 true
3202 309,267 true
3203 309,267 true
3204 309,267 true
3205 309,268 true
3206 309,268 true
3207 309,268 true
3208 309,268 true
3209 309,268 true
3210 309,268 true
3211 309,268 true
3212 309,268 true
3213 309,268 true
3214 309,268 true
3215 309,268 true
3216 309,268 true
3217 309,269 true
3218 309,269 true
3219 309,269 true
3220 309,269 true
3221 309,269 true
3222 309,269 true
3223 309,269 true
3224 309,269 true
3225 309,269 true
3226 309,269 true
3227 309,269 true
3228 309,269 true
3229 309,270 true
3230 309,270 true
3231 309,270 true
3232 309,270 true
3233 309,270 true
3234 309,270 true
3235 309,270 true
3236 309,270 true
3237 309,270 true
3238 309,270 true
3239 309,270 true
3240 309,270 true
3241 309,271 true
3242 309,271 true
3243 309,271 true
3244 309,271 true
3245 309,271 true
3246 309,271 true
3247 309,271 true
3248 309,271 true
3249 309,271 true
3250 309,271 true
3251 309,271 true
3252 309,271 true
3253 309,272 true
3254 309,272 true
3255 309,272 true
3256 309,272 true
3257 309,272 true
3258 309,272 true
3259 309,272 true
3260 309,272 true
3261 309,272 true
3262 309,272 true
3263 309,272 true
3264 309,272 true
3265 309,273 true
3266 309,273 true
3267 309,273 true
3268 309,273 true
3269 309,273 true
3270 309,273 true
3271 309,273 true
3272 309,273 true
3273 309,273 true
3274 309,273 true
3275 309,273 true
3276 309,273 true
3277 309,274 true
3278 309,274 true
3279 309,274 true
3280 309,274 true
3281 309,274 true
3282 309,274 true
3283 309,274 true
3284 309,274 true
3285 309,274 true
3286 309,274 true
3287 309,274 true
3288 309,274 true
3289 309,275 true
3290 309,275 true
3291 309,275 true
3292 309,275 true
3293 309,275 true
3294 309,275 true
3295 309,275 true
3296 309,275 true
3297 309,275 true
3298 309,275 true
3299 309,275 true
3300 309,275 true
3301 309,276 true
3302 309,276 true
3303 309,276 true
3304 309,276 true
3305 309,276 true
3306 309,276 true
3307 309,276 true
3308 309,276 true
3309 309,276 true
3310 309,276 true
3311 309,276 true
3312 309,276 true
3313 309,277 true
3314 309,277 true
3315 309,277 true
3316 309,277 true
3317 309,277 true
3318 309,277 true
3319 309,277 true
3320 309,277 true
3321 309,277 true
3322 309,277 true
3323 309,277 true
3324 309,277 true
3325 309,278 true
3326 309,278 true
3327 309,278 true
3328 309,278 true
3329 309,278 true
3330 309,278 true
3331 309,278 true
3332 309,278 true
3333 309,278 true
3334 309,278 true
3335 309,278 true
3336 309,278 true
3337 309,279 true
3338 309,279 true
3339 309,279 true
3340 309,279 true
3341 309,279 true
3342 309,279 true
3343 309,279 true
3344 309,279 true
3345 309,279 true
3346 309,279 true
3347 309,279 true
3348 309,279 true
3349 309,280 true
3350 309,280 true
3351 309,280 true
3352 309,280 true
3353 309,280 true
3354 309,280 true
3355 309,280 true
3356 309,280 true
3357 309,280 true
3358 309,280 true
3359 309,280 true
3360 309,280 true
3361 309,281 true
3362 309,281 true
3363 309,281 true
3364 309,281 true
3365 309,281 true
3366 309,281 true
3367 309,281 true
3368 309,281 true
3369 309,281 true
3370 309,281 true
3371 309,281 true
3372 309,281 true
3373 309,282 true
3374 309,282 true
3375 309,282 true
3376 309,282 true
3377 309,282 true
3378 309,282 true
3379 309,282 true
3380 309,282 true
3381 309,282 true
3382 309,282 true
3383 309,282 true
3384 309,282 true
3385 309,283 true
3386 309,283 true
3387 309,283 true
3388 309,283 true
3389 309,283 true
3390 309,283 true
3391 309,283 true
3392 309,283 true
3393 309,283 true
3394 309,283 true
3395 309,283 true
3396 309,283 true
3397 309,284 true
3398 309,284 true
3399 309,284 true
3400 309,284 true
3401 309,284 true
3402 309,284 true
3403 309,284 true
3404 309,284 true
3405 309,284 true
3406 309,284 true
3407 309,284 true
3408 309,284 true
3409 309,285 true
3410 309,285 true
3411 309,285 true
3412 309,285 true
3413 309,285 true
3414 309,285 true
3415 309,285 true
3416 309,285 true
3417 309,285 true
3418 309,285 true
3419 309,285 true
3420 309,285 true
3421 309,286 true
3422 309,286 true
3423 309,286 true
3424 309,286 true
3425 309,286 true
3426 309,286 true
3427 309,286 true
3428 309,286 true
3429 309,286 true
3430 309,286 true
3431 309,286 true
3432 309,286 true
3433 309,287 true
3434 309,287 true
3435 309,287 true
3436 309,287 true
3437 309,287 true
3438 309,287 true
3439 309,287 true
3440 309,287 true
3441 309,287 true
3442 309,287 true
3443 309,287 true
3444 309,287 true
3445 309,288 true
3446 309,288 true
3447 309,288 true
3448 309,288 true
3449 309,288 true
3450 309,288 true
3451 309,288 true
3452 309,288 true
3453 309,288 true
3454 309,288 true
3455 309,288 true
3456 309,288 true
3457 309,289 true
3458 309,289 true
3459 309,289 true
3460 309,289 true
3461 309,289 true
3462 309,289 true
3463 309,289 true
3464 309,289 true
3465 309,289 true
3466 309,289 true
3467 309,289 true
3468 309,289 true
3469 309,290 true
3470 309,290 true
3471 309,290 true
3472 309,290 true
3473 309,290 true
3474 309,290 true
3475 309,290 true
3476 309,290 true
3477 309,290 true
3478 309,290 true
3479 309,290 true
3480 309,290 true
3481 309,291 true
3482 309,291 true
3483 309,291 true
3484 309,291 true
3485 309,291 true
3486 309,291 true
3487 309,291 true
3488 309,291 true
3489 309,291 true
3490 309,291 true
3491 309,291 true
3492 309,291 true
3493 309,292 true
3494 309,292 true
3495 309,292 true
3496 309,292 true
3497 309,292 true
3498 309,292 true
3499 309,292 true
3500 309,292 true
3501 309,292 true
3502 309,292 true
3503 309,292 true
3504 309,292 true
3505 309,293 true
3506 309,293 true
3507 309,293 true
3508 309,293 true
3509 309,293 true
3510 309,293 true
3511 309,293 true
3512 309,293 true
3513 309,293 true
3514 309,293 true
3515 309,293 true
3516 309,293 true
3517 309,294 true
3518 309,294 true
3519 309,294 true
3520 309,294 true
3521 309,294 true
3522 309,294 true
3523 309,294 true
3524 309,294 true
3525 309,294 true
3526 309,294 true
3527 309,294 true
3528 309,294 true
3529 309,295 true
3530 309,295 true
3531 309,295 true
3532 309,295 true
3533 309,295 true
3534 309,295 true
3535 309,295 true
3536 309,295 true
3537 309,295 true
3538 309,295 true
3539 309,295 true
3540 309,295 true
3541 309,296 true
3542 309,296 true
3543 309,296 true
3544 309,296 true
3545 309,296 true
3546 309,296 true
3547 309,296 true
3548 309,296 true
3549 309,296 true
3550 309,296 true
3551 309,296 true
3552 309,296 true
3553 309,297 true
3554 309,297 true
3555 309,297 true
3556 309,297 true
3557 309,297 true
3558 309,297 true
3559 309,297 true
3560 309,297 true
3561 309,297 true
3562 309,297 true
3563 309,297 true
3564 309,297 true
3565 309,298 true
3566 309,298 true
3567 309,298 true
3568 309,298 true
3569 309,298 true
3570 309,298 true
3571 309,298 true
3572 309,298 true
3573 309,298 true
3574 309,298 true
3575 309,298 true
3576 309,298 true
3577 309,299 true
3578 309,299 true
3579 309,299 true
3580 309,299 true
3581 309,299 true
3582 309,299 true
3583 309,299 true
3584 309,299 true
3585 309,299 true
3586 309,299 true
3587 309,299 true
3588 309,299 true
3589 309,300 true
3590 309,300 true
3591 309,300 true
3592 309,300 true
3593 309,300 true
3594 309,300 true
3595 309,300 true
3596 309,300 true
3597 309,300 true
3598 309,300 true
3599 309,300 true
3600 309,300 true
3601 309,301 true
3602 309,301 true
3603 309,301 true
3604 309,301 true
3605 309,301 true
3606 309,301 true
3607 309,301 true
3608 309,301 true
3609 309,301 true
3610 309,301 true
3611 309,301 true
3612 309,301 true
3613 309,302 true
3614 309,302 true
3615 309,302 true
3616 309,302 true
3617 309,302 true
3618 309,302 true
3619 309,302 true
3620 309,302 true
3621 309,302 true
3622 309,302 true
3623 309,302 true
3624 309,302 true
3625 309,303 true
3626 309,303 true
3627 309,303 true
3628 309,303 true
3629 309,303 true
3630 309,303 true
3631 309,303 true
3632 309,303 true
3633 309,303 true
3634 309,303 true
3635 309,303 true
3636 309,303 true
3637 309,304 true
3638 309,304 true
3639 309,304 true
3640 309,304 true
3641 309,304 true
3642 309,304 true
3643 309,304 true
3644 309,304 true
3645 309,304 true
3646 309,304 true
3647 309,304 true
3648 309,304 true
3649 309,305 true
3650 309,305 true
3651 309,305 true
3652 309,305 true
3653 309,305 true
3654 309,305 true
3655 309,305 true
3656 309,305 true
3657 309,305 true
3658 309,305 true
3659 309,305 true
3660 309,305 true
3661 309,306 true
3662 309,306 true
3663 309,306 true
3664 309,306 true
3665 309,306 true
3666 309,306 true
3667 309,306 true
3668 309,306 true
3669 309,306 true
3670 309,306 true
3671 309,306 true
3672 309,306 true
3673 309,307 true
3674 309,307 true
3675 309,307 true
3676 309,307 true
3677 309,307 true
3678 309,307 true
3679 309,307 true
3680 309,307 true
3681 309,307 true
3682 309,307 true
3683 309,307 true
3684 309,307 true
3685 309,308 true
3686 309,308 true
3687 309,308 true
3688 309,308 true
3689 309,308 true
3690 309,308 true
3691 309,308 true
3692 309,308 true
3693 309,308 true
3694 309,308 true
3695 309,308 true
3696 309,308 true
3697 309,309 true
3698 309,309 true
3699 309,309 true
3700 309,309 true
3701 309,309 true
3702 309,309 true
3703 309,309 true
3704 309,309 true
3705 309,309 true
3706 309,309 true
3707 309,309 true
3708 309,309 true
3709 309,310 true
3710 309,310 true
3711 309,310 true
3712 309,310 true
3713 309,310 true
3714 309,310 true
3715 309,310 true
3716 309,310 true
3717 309,310 true
3718 309,310 true
3719 309,310 true
3720 309,310 true
3721 309,311 true
3722 309,311 true
3723 309,311 true
3724 309,311 true
3725 309,311 true
3726 309,311 true
3727 309,311 true
3728 309,311 true
3729 309,311 true
3730 309,311 true
3731 309,311 true
3732 309,311 true
3733 309,312 true
3734 309,312 true
3735 309,312 true
3736 309,312 true
3737 309,312 true
3738 309,312 true
3739 309,312 true
3740 309,312 true
3741 309,312 true
3742 309,312 true
3743 309,312 true
3744 309,312 true
3745 309,313 true
3746 309,313 true
3747 309,313 true
3748 309,313 true
3749 309,313 true
3750 309,313 true
3751 309,313 true
3752 309,313 true
3753 309,313 true
3754 309,313 true
3755 309,313 true
3756 309,313 true
3757 309,314 true
3758 309,314 true
3759 309,314 true
3760 309,314 true
3761 309,314 true
3762 309,314 true
3763 309,314 true
3764 309,314 true
3765 309,314 true
3766 309,314 true
3767 309,314 true
3768 309,314 true
3769 309,315 true
3770 309,315 true
3771 309,315 true
3772 309,315 true
3773 309,315 true
3774 309,315 true
3775 309,315 true
3776 309,315 true
3777 309,315 true
3778 309,315 true
3779 309,315 true
3780 309,315 true
3781 309,316 true
3782 309,316 true
3783 309,316 true
3784 309,316 true
3785 309,316 true
3786 309,316 true
3787 309,316 true
3788 309,316 true
3789 309,316 true
3790 309,316 true
3791 309,316 true
3792 309,316 true
3793 309,317 true
3794 309,317 true
3795 309,317 true
3796 309,317 true
3797 309,317 true
3798 309,317 true
3799 309,317 true
3800 309,317 true
3801 309,317 true
3802 309,317 true
3803 309,317 true
3804 309,317 true
3805 309,318 true
3806 309,318 true
3807 309,318 true
3808 309,318 true
3809 309,318 true
3810 309,318 true
3811 309,318 true
3812 309,318 true
3813 309,318 true
3814 309,318 true
3815 309,318 true
3816 309,318 true
3817 309,319 true
3818 309,319 true
3819 309,319 true
3820 309,319 true
3821 309,319 true
3822 309,319 true
3823 309,319 true
3824 309,319 true
3825 309,319 true
3826 309,319 true
3827 309,319 true
3828 309,319 true
3829 309,320 true
3830 309,320 true
3831 309,320 true
3832 309,320 true
3833 309,320 true
3834 309,320 true
3835 309,320 true
3836 309,320 true
3837 309,320 true
3838 309,320 true
3839 309,320 true
3840 309,320 true
3841 309,321 true
3842 309,321 true
3843 309,321 true
3844 309,321 true
3845 309,321 true
3846 309,321 true
3847 309,321 true
3848 309,321 true
3849 309,321 true
3850 309,321 true
3851 309,321 true
3852 309,321 true
3853 309,322 true
3854 309,322 true
3855 309,322 true
3856 309,322 true
3857 309,322 true
3858 309,322 true
3859 309,322 true
3860 309,322 true
3861 309,322 true
3862 309,322 true
3863 309,322 true
3864 309,322 true
3865 309,323 true
3866 309,323 true
3867 309,323 true
3868 309,323 true
3869 309,323 true
3870 309,323 true
3871 309,323 true
3872 309,323 true
3873 309,323 true
3874 309,323 true
3875 309,323 true
3876 309,323 true
3877 309,324 true
3878 309,324 true
3879 309,324 true
3880 309,324 true
3881 309,324 true
3882 309,324 true
3883 309,324 true
3884 309,324 true
3885 309,324 true
3886 309,324 true
3887 309,324 true
3888 309,324 true
3889 309,325 true
3890 309,325 true
3891 309,325 true
3892 309,325 true
3893 309,325 true
3894 309,325 true
3895 309,325 true
3896 309,325 true
3897 309,325 true
3898 309,325 true
3899 309,325 true
3900 309,325 true
3901 309,326 true
3902 309,326 true
3903 309,326 true
3904 309,326 true
3905 309,326 true
3906 309,326 true
3907 309,326 true
3908 309,326 true
3909 309,326 true
3910 309,326 true
3911 309,326 true
3912 309,326 true
3913 309,327 true
3914 309,327 true
3915 309,327 true
3916 309,327 true
3917 309,327 true
3918 309,327 true
3919 309,327 true
3920 309,327 true
3921 309,327 false
3922 309,327 false
3923 309,327 false
3924 309,327 false
3925 309,328 false
3926 309,328 false
3927 309,328 false
3928 309,328 false
3929 309,328 false
3930 309,328 false
3931 309,328 false
3932 309,328 false
3933 309,328 false
3934 309,328 false
3935 309,328 false
3936 309,328 false
3937 309,329 false
3938 309,329 false
3939 309,329 false
3940 309,329 false
3941 309,329 false
3942 309,329 false
3943 309,329 false
3944 309,329 false
3945 309,329 false
3946 309,329 false
3947 309,329 false
3948 309,329 false
3949 309,330 false
3950 309,330 false
3951 309,330 false
3952 309,330 false
3953 309,330 false
3954 309,330 false
3955 309,330 false
3956 309,330 false
3957 309,330 false
3958 309,330 false
3959 309,330 false
3960 309,330 false
3961 309,331 false
3962 309,331 false
3963 309,331 false
3964 309,331 false
3965 309,331 false
3966 309,331 false
3967 309,331 false
3968 309,331 false
3969 309,331 false
3970 309,331 false
3971 309,331 false
3972 309,331 false
3973 309,332 false
3974 309,332 false
3975 309,332 false
3976 309,332 false
3977 309,332 false
3978 309,332 false
3979 309,332 false
3980 309,332 false
3981 309,332 false
3982 309,332 false
3983 309,332 false
3984 309,332 false
3985 309,333 false
3986 309,333 false
3987 309,333 false
3988 309,333 false
3989 309,333 false
3990 309,333 false
3991 309,333 false
3992 309,333 false
3993 309,333 false
3994 309,333 false
3995 309,333 false
3996 309,333 false
3997 309,334 false
3998 309,334 false
3999 309,334 false
4000 309,334 false
4001 309,334 false
4002 309,334 false
4003 309,334 false
4004 309,334 false
4005 309,334 false
4006 309,334 false
4007 309,334 false
4008 309,334 false
4009 309,335 false
4010 309,335 false
4011 309,335 false
4012 309,335 false
4013 309,335 false
4014 309,335 false
4015 309,335 false
4016 309,335 false
4017 309,335 false
4018 309,335 false
4019 309,335 false
4020 309,335 false
4021 309,336 false
4022 309,336 false
4023 309,336 false
4024 309,336 false
4025 309,336 false
4026 309,336 false
4027 309,336 false
4028 309,336 false
4029 309,336 false
4030 309,336 false
4031 309,336 false
4032 309,336 false
4033 309,337 false
4034 309,337 false
4035 309,337 false
4036 309,337 false
4037 309,337 false
4038 309,337 false
4039 309,337 false
4040 309,337 false
4041 309,337 false
4042 309,337 false
4043 309,337 false
4044 309,337 false
4045 309,338 false
4046 309,338 false
4047 309,338 false
4048 309,338 false
4049 309,338 false
4050 309,338 false
4051 309,338 false
4052 309,338 false
4053 309,338 false
4054 309,338 false
4055 309,338 false
4056 309,338 false
4057 309,339 false
4058 309,339 false
4059 309,339 false
4060 309,339 false
4061 309,339 false
4062 309,339 false
4063 309,339 false
4064 309,339 false
4065 309,339 false
4066 309,339 false
4067 309,339 false
4068 309,339 false
4069 309,340 false
4070 309,340 false
4071 309,340 false
4072 309,340 false
4073 309,340 false
4074 309,340 false
4075 309,340 false
4076 309,340 false
4077 309,340 false
4078 309,340 false
4079 309,340 false
4080 309,340 false
4081 309,341 false
4082 309,341 false
4083 309,341 false
4084 309,341 false
4085 309,341 false
4086 309,341 false
4087 309,341 false
4088 309,341 false
4089 309,341 false
4090 309,341 false
4091 309,341 false
4092 309,341 false
4093 309,342 false
4094 309,342 false
4095 309,342 false
4096 309,342 false
4097 309,342 false
4098 309,342 false
4099 309,342 false
4100 309,342 false
4101 309,342 false
4102 309,342 false
4103 309,342 false
4104 309,342 false
4105 309,343 false
4106 309,343 false
4107 309,343 false
4108 309,343 false
4109 309,343 false
4110 309,343 false
4111 309,343 false
4112 309,343 false
4113 309,343 false
4114 309,343 false
4115 309,343 false
4116 309,343 false
4117 309,344 false
4118 309,344 false
4119 309,344 false
4120 309,344 false
4121 309,344 false
4122 309,344 false
4123 309,344 false
4124 309,344 false
4125 309,344 false
4126 309,344 false
4127 309,344 false
4128 309,344 false
4129 309,345 false
4130 309,345 false
4131 309,345 false
4132 309,345 false
4133 309,345 false
4134 309,345 false
4135 309,345 false
4136 309,345 false
4137 309,345 false
4138 309,345 false
4139 309,345 false
4140 309,345 false
4141 309,346 false
4142 309,346 false
4143 309,346 false
4144 309,346 false
4145 309,346 false
4146 309,346 false
4147 309,346 false
4148 309,346 false
4149 309,346 false
4150 309,346 false
4151 309,346 false
4152 309,346 false
4153 309,347 false
4154 309,347 false
4155 309,347 false
4156 309,347 false
4157 309,347 false
4158 309,347 false
4159 309,347 false
4160 309,347 false
4161 309,347 false
4162 309,347 false
4163 309,347 false
4164 309,347 false
4165 309,348 false
4166 309,348 false
4167 309,348 false
4168 309,348 false
4169 309,348 false
4170 309,348 false
4171 309,348 false
4172 309,348 false
4173 309,348 false
4174 309,348 false
4175 309,348 false
4176 309,348 false
4177 309,349 false
4178 309,349 false
4179 309,349 false
4180 309,349 false
4181 309,349 false
4182 309,349 false
4183 309,349 false
4184 309,349 false
4185 309,349 false
4186 309,349 false
4187 309,349 false
4188 309,349 false
4189 309,350 false
4190 309,350 false
4191 309,350 false
4192 309,350 false
4193 309,350 false
4194 309,350 false
4195 309,350 false
4196 309,350 false
4197 309,350 false
4198 309,350 false
4199 309,350 false
4200 309,350 false
4201 309,351 false
4202 309,351 false
4203 309,351 false
4204 309,351 false
4205 309,351 false
4206 309,351 false
4207 309,351 false
4208 309,351 false
4209 309,351 false
4210 309,351 false
4211 309,351 false
4212 309,351 false
4213 309,352 false
4214 309,352 false
4215 309,352 false
4216 309,352 false
4217 309,352 false
4218 309,352 false
4219 309,352 false
4220 309,352 false
4221 309,352 false
4222 309,352 false
4223 309,352 false
4224 309,352 false
4225 309,353 false
4226 309,353 false
4227 309,353 false
4228 309,353 false
4229 309,353 false
4230 309,353 false
4231 309,353 false
4232 309,353 false
4233 309,353 false
4234 309,353 false
4235 309,353 false
4236 309,353 false
4237 309,354 false
4238 309,354 false
4239 309,354 false
4240 309,354 false
4241 309,354 false
4242 309,354 false
4243 309,354 false
4244 309,354 false
4245 309,354 false
4246 309,354 false
4247 309,354 false
4248 309,354 false
4249 309,355 false
4250 309,355 false
4251 309,355 false
4252 309,355 false
4253 309,355 false
4254 309,355 false
4255 309,355 false
4256 309,355 false
4257 309,355 false
4258 309,355 false
4259 309,355 false
4260 309,355 false
4261 309,356 false
4262 309,356 false
4263 309,356 false
4264 309,356 false
4265 309,356 false
4266 309,356 false
4267 309,356 false
4268 309,356 false
4269 309,356 false
4270 309,356 false
4271 309,356 false
4272 309,356 false
4273 309,357 false
4274 309,357 false
4275 309,357 false
4276 309,357 false
4277 309,357 false
4278 309,357 false
4279 309,357 false
4280 309,357 false
4281 309,357 false
4282 309,357 false
4283 309,357 false
4284 309,357 false
4285 309,358 false
4286 309,358 false
4287 309,358 false
4288 309,358 false
4289 309,358 false
4290 309,358 false
4291 309,358 false
4292 309,358 false
4293 309,358 false
4294 309,358 false
4295 309,358 false
4296 309,358 false
4297 309,359 false
4298 309,359 false
4299 309,359 false
4300 309,359 false
4301 309,359 false
4302 309,359 false
4303 309,359 false
4304 309,359 false
4305 309,359 false
4306 309,359 false
4307 309,359 false
4308 309,359 false
4309 309,360 false
4310 309,360 false
4311 309,360 false
4312 309,360 false
4313 309,360 false
4314 309,360 false
4315 309,360 false
4316 309,360 false
4317 309,360 false
4318 309,360 false
4319 309,360 false
4320 309,360 false
4321 309,361 false
4322 309,361 false
4323 309,361 false
4324 309,361 false
4325 309,361 false
4326 309,361 false
4327 309,361 false
4328 309,361 false
4329 309,361 false
4330 309,361 false
4331 309,361 false
4332 309,361 false
4333 309,362 false
4334 309,362 false
4335 309,362 false
4336 309,362 false
4337 309,362 false
4338 309,362 false
4339 309,362 false
4340 309,362 false
4341 309,362 false
4342 309,362 false
4343 309,362 false
4344 309,362 false
4345 309,363 false
4346 309,363 false
4347 309,363 false
4348 309,363 false
4349 309,363 false
4350 309,363 false
4351 309,363 false
4352 309,363 false
4353 309,363 false
4354 309,363 false
4355 309,363 false
4356 309,363 false
4357 309,364 false
4358 309,364 false
4359 309,364 false
4360 309,364 false
4361 309,364 false
4362 309,364 false
4363 309,364 false
4364 309,364 false
4365 309,364 false
4366 309,364 false
4367 309,364 false
4368 309,364 false
4369 309,365 false
4370 309,365 false
4371 309,365 false
4372 309,365 false
4373 309,365 false
4374 309,365 false
4375 309,365 false
4376 309,365 false
4377 309,365 false
4378 309,365 false
4379 309,365 false
4380 309,365 false
4381 309,366 false
4382 309,366 false
4383 309,366 false
4384 309,366 false
4385 309,366 false
4386 309,366 false
4387 309,366 false
4388 309,366 false
4389 309,366 false
4390 309,366 false
4391 309,366 false
4392 309,366 false
4393 309,367 false
4394 309,367 false
4395 309,367 false
4396 309,367 false
4397 309,367 false
4398 309,367 false
4399 309,367 false
4400 309,367 false
4401 309,367 false
4402 309,367 false
4403 309,367 false
4404 309,367 false
4405 309,368 false
4406 309,368 false
4407 309,368 false
4408 309,368 false
4409 309,368 false
4410 309,368 false
4411 309,368 false
4412 309,368 false
4413 309,368 false
4414 309,368 false
4415 309,368 false
4416 309,368 false
4417 309,369 false
4418 309,369 false
4419 309,369 false
4420 309,369 false
4421 309,369 false
4422 309,369 false
4423 309,369 false
4424 309,369 false
4425 309,369 false
4426 309,369 false
4427 309,369 false
4428 309,369 false
4429 309,370 false
4430 309,370 false
4431 309,370 false
4432 309,370 false
4433 309,370 false
4434 309,370 false
4435 309,370 false
4436 309,370 false
4437 309,370 false
4438 309,370 false
4439 309,370 false
4440 309,370 false
4441 309,371 false
4442 309,371 false
4443 309,371 false
4444 309,371 false
4445 309,371 false
4446 309,371 false
4447 309,371 false
4448 309,371 false
4449 309,371 false
4450 309,371 false
4451 309,371 false
4452 309,371 false
4453 309,372 false
4454 309,372 false
4455 309,372 false
4456 309,372 false
4457 309,372 false
4458 309,372 false
4459 309,372 false
4460 309,372 false
4461 309,372 false
4462 309,372 false
4463 309,372 false
4464 309,372 false
4465 309,373 false
4466 309,373 false
4467 309,373 false
4468 309,373 false
4469 309,373 false
4470 309,373 false
4471 309,373 false
4472 309,373 false
4473 309,373 false
4474 309,373 false
4475 309,373 false
4476 309,373 false
4477 309,374 false
4478 309,374 false
4479 309,374 false
4480 309,374 false
4481 309,374 false
4482 309,374 false
4483 309,374 false
4484 309,374 false
4485 309,374 false
4486 309,374 false
4487 309,374 false
4488 309,374 false
4489 309,375 false
4490 309,375 false
4491 309,375 false
4492 309,375 false
4493 309,375 false
4494 309,375 false
4495 309,375 false
4496 309,375 false
4497 309,375 false
4498 309,375 false
4499 309,375 false
4500 309,375 false
4501 309,376 false
4502 309,376 false
4503 309,376 false
4504 309,376 false
4505 309,376 false
4506 309,376 false
4507 309,376 false
4508 309,376 false
4509 309,376 false
4510 309,376 false
4511 309,376 false
4512 309,376 false
4513 309,377 false
4514 309,377 false
4515 309,377 false
4516 309,377 false
4517 309,377 false
4518 309,377 false
4519 309,377 false
4520 309,377 false
4521 309,377 false
4522 309,377 false
4523 309,377 false
4524 309,377 false
4525 309,378 false
4526 309,378 false
4527 309,378 false
4528 309,378 false
4529 309,378 false
4530 309,378 false
4531 309,378 false
4532 309,378 false
4533 309,378 false
4534 309,378 false
4535 309,378 false
4536 309,378 false
4537 309,379 false
4538 309,379 false
4539 309,379 false
4540 309,379 false
4541 309,379 false
4542 309,379 false
4543 309,379 false
4544 309,379 false
4545 309,379 false
4546 309,379 false
4547 309,379 false
4548 309,379 false
4549 309,380 false
4550 309,380 false
4551 309,380 false
4552 309,380 false
4553 309,380 false
4554 309,380 false
4555 309,380 false
4556 309,380 false
4557 309,380 false
4558 309,380 false
4559 309,380 false
4560 309,380 false
4561 309,381 false
4562 309,381 false
4563 309,381 false
4564 309,381 false
4565 309,381 false
4566 309,381 false
4567 309,381 false
4568 309,381 false
4569 309,381 false
4570 309,381 false
4571 309,381 false
4572 309,381 false
4573 309,382 false
4574 309,382 false
4575 309,382 false
4576 309,382 false
4577 309,382 false
4578 309,382 false
4579 309,382 false
4580 309,382 false
4581 309,382 false
4582 309,382 false
4583 309,382 false
4584 309,382 false
4585 309,383 false
4586 309,383 false
4587 309,383 false
4588 309,383 false
4589 309,383 false
4590 309,383 false
4591 309,383 false
4592 309,383 false
4593 309,383 false
4594 309,383 false
4595 309,383 false
4596 309,383 false
4597 309,384 false
4598 309,384 false
4599 309,384 false
4600 309,384 false
4601 309,384 false
4602 309,384 false
4603 309,384 false
4604 309,384 false
4605 309,384 false
4606 309,384 false
4607 309,384 false
4608 309,384 false
4609 309,385 false
4610 309,385 false
4611 309,385 false
4612 309,385 false
4613 309,385 false
4614 309,385 false
4615 309,385 false
4616 309,385 false
4617 309,385 false
4618 309,385 false
4619 309,385 false
4620 309,385 false
4621 309,386 false
4622 309,386 false
4623 309,386 false
4624 309,386 false
4625 309,386 false
4626 309,386 false
4627 309,386 false
4628 309,386 false
4629 309,386 false
4630 309,386 false
4631 309,386 false
4632 309,386 false
4633 309,387 false
4634 309,387 false
4635 309,387 false
4636 309,387 false
4637 309,387 false
4638 309,387 false
4639 309,387 false
4640 309,387 false
4641 309,387 false
4642 309,387 false
4643 309,387 false
4644 309,387 false
4645 309,388 false
4646 309,388 false
4647 309,388 false
4648 309,388 false
4649 309,388 false
4650 309,388 false
4651 309,388 false
4652 309,388 false
4653 309,388 false
4654 309,388 false
4655 309,388 false
4656 309,388 false
4657 309,389 false
4658 309,389 false
4659 309,389 false
4660 309,389 false
4661 309,389 false
4662 309,389 false
4663 309,389 false
4664 309,389 false
4665 309,389 false
4666 309,389 false
4667 309,389 false
4668 309,389 false
4669 309,390 false
4670 309,390 false
4671 309,390 false
4672 309,390 false
4673 309,390 false
4674 309,390 false
4675 309,390 false
4676 309,390 false
4677 309,390 false
4678 309,390 false
4679 309,390 false
4680 309,390 false
4681 309,391 false
4682 309,391 false
4683 309,391 false
4684 309,391 false
4685 309,391 false
4686 309,391 false
4687 309,391 false
4688 309,391 false
4689 309,391 false
4690 309,391 false
4691 309,391 false
4692 309,391 false
4693 309,392 false
4694 309,392 false
4695 309,392 false
4696 309,392 false
4697 309,392 false
4698 309,392 false
4699 309,392 false
4700 309,392 false
4701 309,392 false
4702 309,392 false
4703 309,392 false
4704 309,392 false
4705 309,393 false
4706 309,393 false
4707 309,393 false
4708 309,393 false
4709 309,393 false
4710 309,393 false
4711 309,393 false
4712 309,393 false
4713 309,393 false
4714 309,393 false
4715 309,393 false
4716 309,393 false
4717 309,394 false
4718 309,394 false
4719 309,394 false
4720 309,394 false
4721 309,394 false
4722 309,394 false
4723 309,394 false
4724 309,394 false
4725 309,394 false
4726 309,394 false
4727 309,394 false
4728 309,394 false
4729 309,395 false
4730 309,395 false
4731 309,395 false
4732 309,395 false
4733 309,395 false
4734 309,395 false
4735 309,395 false
4736 309,395 false
4737 309,395 false
4738 309,395 false
4739 309,395 false
4740 309,395 false
4741 309,396 false
4742 309,396 false
4743 309,396 false
4744 309,396 false
4745 309,396 false
4746 309,396 false
4747 309,396 false
4748 309,396 false
4749 309,396 false
4750 309,396 false
4751 309,396 false
4752 309,396 false
4753 309,397 false
4754 309,397 false
4755 309,397 false
4756 309,397 false
4757 309,397 false
4758 309,397 false
4759 309,397 false
4760 309,397 false
4761 309,397 false
4762 309,397 false
4763 309,397 false
4764 309,397 false
4765 309,398 false
4766 309,398 false
4767 309,398 false
4768 309,398 false
4769 309,398 false
4770 309,398 false
4771 309,398 false
4772 309,398 false
4773 309,398 false
4774 309,398 false
4775 309,398 false
4776 309,398 false
4777 309,399 false
4778 309,399 false
4779 309,399 false
4780 309,399 false
4781 309,399 false
4782 309,399 false
4783 309,399 false
4784 309,399 false
4785 309,399 false
4786 309,399 false
4787 309,399 false
4788 309,399 false
4789 309,400 false
4790 309,400 false
4791 309,400 false
4792 309,400 false
4793 309,400 false
4794 309,400 false
4795 309,400 false
4796 309,400 false
4797 309,400 false
4798 309,400 false
4799 309,400 false
4800 309,400 false
4801 309,401 false
4802 309,401 false
4803 309,401 false
4804 309,401 false
4805 309,401 false
4806 309,401 false
4807 309,401 false
4808 309,401 false
4809 309,401 false
4810 309,401 false
4811 309,401 false
4812 309,401 false
4813 309,402 false
4814 309,402 false
4815 309,402 false
4816 309,402 false
4817 309,402 false
4818 309,402 false
4819 309,402 false
4820 309,402 false
4821 309,402 false
4822 309,402 false
4823 309,402 false
4824 309,402 false
4825 309,403 false
4826 309,403 false
4827 309,403 false
4828 309,403 false
4829 309,403 false
4830 309,403 false
4831 309,403 false
4832 309,403 false
4833 309,403 false
4834 309,403 false
4835 309,403 false
4836 309,403 false
4837 309,404 false
4838 309,404 false
4839 309,404 false
4840 309,404 false
4841 309,404 false
4842 309,404 false
4843 309,404 false
4844 309,404 false
4845 309,404 false
4846 309,404 false
4847 309,404 false
4848 309,404 false
4849 309,405 false
4850 309,405 false
4851 309,405 false
4852 309,405 false
4853 309,405 false
4854 309,405 false
4855 309,405 false
4856 309,405 false
4857 309,405 false
4858 309,405 false
4859 309,405 false
4860 309,405 false
4861 309,406 false
4862 309,406 false
4863 309,406 false
4864 309,406 false
4865 309,406 false
4866 309,406 false
4867 309,406 false
4868 309,406 false
4869 309,406 false
4870 309,406 false
4871 309,406 false
4872 309,406 false
4873 309,407 false
4874 309,407 false
4875 309,407 false
4876 309,407 false
4877 309,407 false
4878 309,407 false
4879 309,407 false
4880 309,407 false
4881 309,407 false
4882 309,407 false
4883 309,407 false
4884 309,407 false
4885 309,408 false
4886 309,408 false
4887 309,408 false
4888 309,408 false
4889 309,408 false
4890 309,408 false
4891 309,408 false
4892 309,408 false
4893 309,408 false
4894 309,408 false
4895 309,408 false
4896 309,408 false
4897 309,409 false
4898 309,409 false
4899 309,409 false
4900 309,409 false
4901 309,409 false
4902 309,409 false
4903 309,409 false
4904 309,409 false
4905 309,409 false
4906 309,409 false
4907 309,409 false
4908 309,409 false
4909 309,410 false
4910 309,410 false
4911 309,410 false
4912 309,410 false
4913 309,410 false
4914 309,410 false
4915 309,410 false
4916 309,410 false
4917 309,410 false
4918 309,410 false
4919 309,410 false
4920 309,410 false
4921 309,411 false
4922 309,411 false
4923 309,411 false
4924 309,411 false
4925 309,411 false
4926 309,411 false
4927 309,411 false
4928 309,411 false
4929 309,411 false
4930 309,411 false
4931 309,411 false
4932 309,411 false
4933 309,412 false
4934 309,412 false
4935 309,412 false
4936 309,412 false
4937 309,412 false
4938 309,412 false
4939 309,412 false
4940 309,412 false
4941 309,412 false
4942 309,412 false
4943 309,412 false
4944 309,412 false
4945 309,413 false
4946 309,413 false
4947 309,413 false
4948 309,413 false
4949 309,413 false
4950 309,413 false
4951 309,413 false
4952 309,413 false
4953 309,413 false
4954 309,413 false
4955 309,413 false
4956 309,413 false
4957 309,414 false
4958 309,414 false
4959 309,414 false
4960 309,414 false
4961 309,414 false
4962 309,414 false
4963 309,414 false
4964 309,414 false
4965 309,414 false
4966 309,414 false
4967 309,414 false
4968 309,414 false
4969 309,415 false
4970 309,415 false
4971 309,415 false
4972 309,415 false
4973 309,415 false
4974 309,415 false
4975 309,415 false
4976 309,415 false
4977 309,415 false
4978 309,415 false
4979 309,415 false
4980 309,415 false
4981 309,416 false
4982 309,416 false
4983 309,416 false
4984 309,416 false
4985 309,416 false
4986 309,416 false
4987 309,416 false
4988 309,416 false
4989 309,416 false
4990 309,416 false
4991 309,416 false
4992 309,416 false
4993 309,417 false
4994 309,417 false
4995 309,417 false
4996 309,417 false
4997 309,417 false
4998 309,417 false
4999 309,417 false
5000 309,417 false
5001 309,417 false
5002 309,417 false
5003 309,417 false
5004 309,417 false
5005 309,418 false
5006 309,418 false
5007 309,418 false
5008 309,418 false
5009 309,418 false
5010 309,418 false
5011 309,418 false
5012 309,418 false
5013 309,418 false
5014 309,418 false
5015 309,418 false
5016 309,418 false
5017 309,419 false
5018 309,419 false
5019 309,419 false
5020 309,419 false
5021 309,419 false
5022 309,419 false
5023 309,419 false
5024 309,419 false
5025 309,419 false
5026 309,419 false
5027 309,419 false
5028 309,419 false
5029 309,420 false
5030 309,420 false
5031 309,420 false
5032 309,420 false
5033 309,420 false
5034 309,420 false
5035 309,420 false
5036 309,420 false
5037 309,420 false
5038 309,420 false
5039 309,420 false
5040 309,420 false
5041 309,421 false
5042 309,421 false
5043 309,421 false
5044 309,421 false
5045 309,421 false
5046 309,421 false
5047 309,421 false
5048 309,421 false
5049 309,421 false
5050 309,421 false
5051 309,421 false
5052 309,421 false
5053 309,422 false
5054 309,422 false
5055 309,422 false
5056 309,422 false
5057 309,422 false
5058 309,422 false
5059 309,422 false
5060 309,422 false
5061 309,422 false
5062 309,422 false
5063 309,422 false
5064 309,422 false
5065 309,423 false
5066 309,423 false
5067 309,423 false
5068 309,423 false
5069 309,423 false
5070 309,423 false
5071 309,423 false
5072 309,423 false
5073 309,423 false
5074 309,423 false
5075 309,423 false
5076 309,423 false
5077 309,424 false
5078 309,424 false
5079 309,424 false
5080 309,424 false
5081 309,424 false
5082 309,424 false
5083 309,424 false
5084 309,424 false
5085 309,424 false
5086 309,424 false
5087 309,424 false
5088 309,424 false
