4932
1 1,106 true
2 1,106 true
3 1,106 true
4 1,106 true
5 1,106 true
6 1,106 true
7 1,106 true
8 1,106 true
9 1,106 true
10 1,106 true
11 1,106 true
12 1,106 true
13 2,106 true
14 2,106 true
15 2,106 true
16 2,106 true
17 2,106 true
18 2,106 true
19 2,106 true
20 2,106 true
21 2,106 true
22 2,106 true
23 2,106 true
24 2,106 true
25 3,106 true
26 3,106 true
27 3,106 true
28 3,106 true
29 3,106 true
30 3,106 true
31 3,106 true
32 3,106 true
33 3,106 true
34 3,106 true
35 3,106 true
36 3,106 true
37 4,106 true
38 4,106 true
39 4,106 true
40 4,106 true
41 4,106 true
42 4,106 true
43 4,106 true
44 4,106 true
45 4,106 true
46 4,106 true
47 4,106 true
48 4,106 true
49 5,106 true
50 5,106 true
51 5,106 true
52 5,106 true
53 5,106 true
54 5,106 true
55 5,106 true
56 5,106 true
57 5,106 true
58 5,106 true
59 5,106 true
60 5,106 true
61 6,106 true
62 6,106 true
63 6,106 true
64 6,106 true
65 6,106 true
66 6,106 true
67 6,106 true
68 6,106 true
69 6,106 true
70 6,106 true
71 6,106 true
72 6,106 true
73 7,106 true
74 7,106 true
75 7,106 true
76 7,106 true
77 7,106 true
78 7,106 true
79 7,106 true
80 7,106 true
81 7,106 true
82 7,106 true
83 7,106 true
84 7,106 true
85 8,106 true
86 8,106 true
87 8,106 true
88 8,106 true
89 8,106 true
90 8,106 true
91 8,106 true
92 8,106 true
93 8,106 true
94 8,106 true
95 8,106 true
96 8,106 true
97 9,106 true
98 9,106 true
99 9,106 true
100 9,106 true
101 9,106 true
102 9,106 true
103 9,106 true
104 9,106 true
105 9,106 true
106 9,106 true
107 9,106 true
108 9,106 true
109 10,106 true
110 10,106 true
111 10,106 true
112 10,106 true
113 10,106 true
114 10,106 true
115 10,106 true
116 10,106 true
117 10,106 true
118 10,106 true
119 10,106 true
120 10,106 true
121 11,106 true
122 11,106 true
123 11,106 true
124 11,106 true
125 11,106 true
126 11,106 true
127 11,106 true
128 11,106 true
129 11,106 true
130 11,106 true
131 11,106 true
132 11,106 true
133 12,106 true
134 12,106 true
135 12,106 true
136 12,106 true
137 12,106 true
138 12,106 true
139 12,106 true
140 12,106 true
141 12,106 true
142 12,106 true
143 12,106 true
144 12,106 true
145 13,106 true
146 13,106 true
147 13,106 true
148 13,106 true
149 13,106 true
150 13,106 true
151 13,106 true
152 13,106 true
153 13,106 true
154 13,106 true
155 13,106 true
156 13,106 true
157 14,106 true
158 14,106 true
159 14,106 true
160 14,106 true
161 14,106 true
162 14,106 true
163 14,106 true
164 14,106 true
165 14,106 true
166 14,106 true
167 14,106 true
168 14,106 true
169 15,106 true
170 15,106 true
171 15,106 true
172 15,106 true
173 15,106 true
174 15,106 true
175 15,106 true
176 15,106 true
177 15,106 true
178 15,106 true
179 15,106 true
180 15,106 true
181 16,106 true
182 16,106 true
183 16,106 true
184 16,106 true
185 16,106 true
186 16,106 true
187 16,106 true
188 16,106 true
189 16,106 true
190 16,106 true
191 16,106 true
192 16,106 true
193 17,106 true
194 17,106 true
195 17,106 true
196 17,106 true
197 17,106 true
198 17,106 true
199 17,106 true
200 17,106 true
201 17,106 true
202 17,106 true
203 17,106 true
204 17,106 true
205 18,106 true
206 18,106 true
207 18,106 true
208 18,106 true
209 18,106 true
210 18,106 true
211 18,106 true
212 18,106 true
213 18,106 true
214 18,106 true
215 18,106 true
216 18,106 true
217 19,106 true
218 19,106 true
219 19,106 true
220 19,106 true
221 19,106 true
222 19,106 true
223 19,106 true
224 19,106 true
225 19,106 true
226 19,106 true
227 19,106 true
228 19,106 true
229 20,106 true
230 20,106 true
231 20,106 true
232 20,106 true
233 20,106 true
234 20,106 true
235 20,106 true
236 20,106 true
237 20,106 true
238 20,106 true
239 20,106 true
240 20,106 true
241 21,106 true
242 21,106 true
243 21,106 true
244 21,106 true
245 21,106 true
246 21,106 true
247 21,106 true
248 21,106 true
249 21,106 true
250 21,106 true
251 21,106 true
252 21,106 true
253 22,106 true
254 22,106 true
255 22,106 true
256 22,106 true
257 22,106 true
258 22,106 true
259 22,106 true
260 22,106 true
261 22,106 true
262 22,106 true
263 22,106 true
264 22,106 true
265 23,106 true
266 23,106 true
267 23,106 true
268 23,106 true
269 23,106 true
270 23,106 true
271 23,106 true
272 23,106 true
273 23,106 true
274 23,106 true
275 23,106 true
276 23,106 true
277 24,106 true
278 24,106 true
279 24,106 true
280 24,106 true
281 24,106 true
282 24,106 true
283 24,106 true
284 24,106 true
285 24,106 true
286 24,106 true
287 24,106 true
288 24,106 true
289 25,106 true
290 25,106 true
291 25,106 true
292 25,106 true
293 25,106 true
294 25,106 true
295 25,106 true
296 25,106 true
297 25,106 true
298 25,106 true
299 25,106 true
300 25,106 true
301 26,106 true
302 26,106 true
303 26,106 true
304 26,106 true
305 26,106 true
306 26,106 true
307 26,106 true
308 26,106 true
309 26,106 true
310 26,106 true
311 26,106 true
312 26,106 true
313 27,106 true
314 27,106 true
315 27,106 true
316 27,106 true
317 27,106 true
318 27,106 true
319 27,106 true
320 27,106 true
321 27,106 true
322 27,106 true
323 27,106 true
324 27,106 true
325 28,106 true
326 28,106 true
327 28,106 true
328 28,106 true
329 28,106 true
330 28,106 true
331 28,106 true
332 28,106 true
333 28,106 true
334 28,106 true
335 28,106 true
336 28,106 true
337 29,106 true
338 29,106 true
339 29,106 true
340 29,106 true
341 29,106 true
342 29,106 true
343 29,106 true
344 29,106 true
345 29,106 true
346 29,106 true
347 29,106 true
348 29,106 true
349 30,106 true
350 30,106 true
351 30,106 true
352 30,106 true
353 30,106 true
354 30,106 true
355 30,106 true
356 30,106 true
357 30,106 true
358 30,106 true
359 30,106 true
360 30,106 true
361 31,106 true
362 31,106 true
363 31,106 true
364 31,106 true
365 31,106 true
366 31,106 true
367 31,106 true
368 31,106 true
369 31,106 true
370 31,106 true
371 31,106 true
372 31,106 true
373 32,106 true
374 32,106 true
375 32,106 true
376 32,106 true
377 32,106 true
378 32,106 true
379 32,106 true
380 32,106 true
381 32,106 true
382 32,106 true
383 32,106 true
384 32,106 true
385 33,106 true
386 33,106 true
387 33,106 true
388 33,106 true
389 33,106 true
390 33,106 true
391 33,106 true
392 33,106 true
393 33,106 true
394 33,106 true
395 33,106 true
396 33,106 true
397 34,106 true
398 34,106 true
399 34,106 true
400 34,106 true
401 34,106 true
402 34,106 true
403 34,106 true
404 34,106 true
405 34,106 true
406 34,106 true
407 34,106 true
408 34,106 true
409 35,106 true
410 35,106 true
411 35,106 true
412 35,106 true
413 35,106 true
414 35,106 true
415 35,106 true
416 35,106 true
417 35,106 true
418 35,106 true
419 35,106 true
420 35,106 true
421 36,106 true
422 36,106 true
423 36,106 true
424 36,106 true
425 36,106 true
426 36,106 true
427 36,106 true
428 36,106 true
429 36,106 true
430 36,106 true
431 36,106 true
432 36,106 true
433 37,106 true
434 37,106 true
435 37,106 true
436 37,106 true
437 37,106 true
438 37,106 true
439 37,106 true
440 37,106 true
441 37,106 true
442 37,106 true
443 37,106 true
444 37,106 true
445 38,106 true
446 38,106 true
447 38,106 true
448 38,106 true
449 38,106 true
450 38,106 true
451 38,106 true
452 38,106 true
453 38,106 true
454 38,106 true
455 38,106 true
456 38,106 true
457 39,106 true
458 39,106 true
459 39,106 true
460 39,106 true
461 39,106 true
462 39,106 true
463 39,106 true
464 39,106 true
465 39,106 true
466 39,106 true
467 39,106 true
468 39,106 true
469 40,106 true
470 40,106 true
471 40,106 true
472 40,106 true
473 40,106 true
474 40,106 true
475 40,106 true
476 40,106 true
477 40,106 true
478 40,106 true
479 40,106 true
480 40,106 true
481 41,106 true
482 41,106 true
483 41,106 true
484 41,106 true
485 41,106 true
486 41,106 true
487 41,106 true
488 41,106 true
489 41,106 true
490 41,106 true
491 41,106 true
492 41,106 true
493 42,106 true
494 42,106 true
495 42,106 true
496 42,106 true
497 42,106 true
498 42,106 true
499 42,106 true
500 42,106 true
501 42,106 true
502 42,106 true
503 42,106 true
504 42,106 true
505 43,106 true
506 43,106 true
507 43,106 true
508 43,106 true
509 43,106 true
510 43,106 true
511 43,106 true
512 43,106 true
513 43,106 true
514 43,106 true
515 43,106 true
516 43,106 true
517 44,106 true
518 44,106 true
519 44,106 true
520 44,106 true
521 44,106 true
522 44,106 true
523 44,106 true
524 44,106 true
525 44,106 true
526 44,106 true
527 44,106 true
528 44,106 true
529 45,106 true
530 45,106 true
531 45,106 true
532 45,106 true
533 45,106 true
534 45,106 true
535 45,106 true
536 45,106 true
537 45,106 true
538 45,106 true
539 45,106 true
540 45,106 true
541 46,106 true
542 46,106 true
543 46,106 true
544 46,106 true
545 46,106 true
546 46,106 true
547 46,106 true
548 46,106 true
549 46,106 true
550 46,106 true
551 46,106 true
552 46,106 true
553 47,106 true
554 47,106 true
555 47,106 true
556 47,106 true
557 47,106 true
558 47,106 true
559 47,106 true
560 47,106 true
561 47,106 true
562 47,106 true
563 47,106 true
564 47,106 true
565 48,106 true
566 48,106 true
567 48,106 true
568 48,106 true
569 48,106 true
570 48,106 true
571 48,106 true
572 48,106 true
573 48,106 true
574 48,106 true
575 48,106 true
576 48,106 true
577 49,106 true
578 49,106 true
579 49,106 true
580 49,106 true
581 49,106 true
582 49,106 true
583 49,106 true
584 49,106 true
585 49,106 true
586 49,106 true
587 49,106 true
588 49,106 true
589 50,106 true
590 50,106 true
591 50,106 true
592 50,106 true
593 50,106 true
594 50,106 true
595 50,106 true
596 50,106 true
597 50,106 true
598 50,106 true
599 50,106 true
600 50,106 true
601 51,106 true
602 51,106 true
603 51,106 true
604 51,106 true
605 51,106 true
606 51,106 true
607 51,106 true
608 51,106 true
609 51,106 true
610 51,106 true
611 51,106 true
612 51,106 true
613 52,106 true
614 52,106 true
615 52,106 true
616 52,106 true
617 52,106 true
618 52,106 true
619 52,106 true
620 52,106 true
621 52,106 true
622 52,106 true
623 52,106 true
624 52,106 true
625 53,106 true
626 53,106 true
627 53,106 true
628 53,106 true
629 53,106 true
630 53,106 true
631 53,106 true
632 53,106 true
633 53,106 true
634 53,106 true
635 53,106 true
636 53,106 true
637 54,106 true
638 54,106 true
639 54,106 true
640 54,106 true
641 54,106 true
642 54,106 true
643 54,106 true
644 54,106 true
645 54,106 true
646 54,106 true
647 54,106 true
648 54,106 true
649 55,106 true
650 55,106 true
651 55,106 true
652 55,106 true
653 55,106 true
654 55,106 true
655 55,106 true
656 55,106 true
657 55,106 true
658 55,106 true
659 55,106 true
660 55,106 true
661 56,106 true
662 56,106 true
663 56,106 true
664 56,106 true
665 56,106 true
666 56,106 true
667 56,106 true
668 56,106 true
669 56,106 true
670 56,106 true
671 56,106 true
672 56,106 true
673 57,106 true
674 57,106 true
675 57,106 true
676 57,106 true
677 57,106 true
678 57,106 true
679 57,106 true
680 57,106 true
681 57,106 true
682 57,106 true
683 57,106 true
684 57,106 true
685 58,106 true
686 58,106 true
687 58,106 true
688 58,106 true
689 58,106 true
690 58,106 true
691 58,106 true
692 58,106 true
693 58,106 true
694 58,106 true
695 58,106 true
696 58,106 true
697 59,106 true
698 59,106 true
699 59,106 true
700 59,106 true
701 59,106 true
702 59,106 true
703 59,106 true
704 59,106 true
705 59,106 true
706 59,106 true
707 59,106 true
708 59,106 true
709 60,106 true
710 60,106 true
711 60,106 true
712 60,106 true
713 60,106 true
714 60,106 true
715 60,106 true
716 60,106 true
717 60,106 true
718 60,106 true
719 60,106 true
720 60,106 true
721 61,106 true
722 61,106 true
723 61,106 true
724 61,106 true
725 61,106 true
726 61,106 true
727 61,106 true
728 61,106 true
729 61,106 true
730 61,106 true
731 61,106 true
732 61,106 true
733 62,106 true
734 62,106 true
735 62,106 true
736 62,106 true
737 62,106 true
738 62,106 true
739 62,106 true
740 62,106 true
741 62,106 true
742 62,106 true
743 62,106 true
744 62,106 true
745 63,106 true
746 63,106 true
747 63,106 true
748 63,106 true
749 63,106 true
750 63,106 true
751 63,106 true
752 63,106 true
753 63,106 true
754 63,106 true
755 63,106 true
756 63,106 true
757 64,106 true
758 64,106 true
759 64,106 true
760 64,106 true
761 64,106 true
762 64,106 true
763 64,106 true
764 64,106 true
765 64,106 true
766 64,106 true
767 64,106 true
768 64,106 true
769 65,106 true
770 65,106 true
771 65,106 true
772 65,106 true
773 65,106 true
774 65,106 true
775 65,106 true
776 65,106 true
777 65,106 true
778 65,106 true
779 65,106 true
780 65,106 true
781 66,106 true
782 66,106 true
783 66,106 true
784 66,106 true
785 66,106 true
786 66,106 true
787 66,106 true
788 66,106 true
789 66,106 true
790 66,106 true
791 66,106 true
792 66,106 true
793 67,106 true
794 67,106 true
795 67,106 true
796 67,106 true
797 67,106 true
798 67,106 true
799 67,106 true
800 67,106 true
801 67,106 true
802 67,106 true
803 67,106 true
804 67,106 true
805 68,106 true
806 68,106 true
807 68,106 true
808 68,106 true
809 68,106 true
810 68,106 true
811 68,106 true
812 68,106 true
813 68,106 true
814 68,106 true
815 68,106 true
816 68,106 true
817 69,106 true
818 69,106 true
819 69,106 true
820 69,106 true
821 69,106 true
822 69,106 true
823 69,106 true
824 69,106 true
825 69,106 true
826 69,106 true
827 69,106 true
828 69,106 true
829 70,106 true
830 70,106 true
831 70,106 true
832 70,106 true
833 70,106 true
834 70,106 true
835 70,106 true
836 70,106 true
837 70,106 true
838 70,106 true
839 70,106 true
840 70,106 true
841 71,106 true
842 71,106 true
843 71,106 true
844 71,106 true
845 71,106 true
846 71,106 true
847 71,106 true
848 71,106 true
849 71,106 true
850 71,106 true
851 71,106 true
852 71,106 true
853 72,106 true
854 72,106 true
855 72,106 true
856 72,106 true
857 72,106 true
858 72,106 true
859 72,106 true
860 72,106 true
861 72,106 true
862 72,106 true
863 72,106 true
864 72,106 true
865 73,106 true
866 73,106 true
867 73,106 true
868 73,106 true
869 73,106 true
870 73,106 true
871 73,106 true
872 73,106 true
873 73,106 true
874 73,106 true
875 73,106 true
876 73,106 true
877 74,106 true
878 74,106 true
879 74,106 true
880 74,106 true
881 74,106 true
882 74,106 true
883 74,106 true
884 74,106 true
885 74,106 true
886 74,106 true
887 74,106 true
888 74,106 true
889 75,106 true
890 75,106 true
891 75,106 true
892 75,106 true
893 75,106 true
894 75,106 true
895 75,106 true
896 75,106 true
897 75,106 true
898 75,106 true
899 75,106 true
900 75,106 true
901 76,106 true
902 76,106 true
903 76,106 true
904 76,106 true
905 76,106 true
906 76,106 true
907 76,106 true
908 76,106 true
909 76,106 true
910 76,106 true
911 76,106 true
912 76,106 true
913 77,106 true
914 77,106 true
915 77,106 true
916 77,106 true
917 77,106 true
918 77,106 true
919 77,106 true
920 77,106 true
921 77,106 true
922 77,106 true
923 77,106 true
924 77,106 true
925 78,106 true
926 78,106 true
927 78,106 true
928 78,106 true
929 78,106 true
930 78,106 true
931 78,106 true
932 78,106 true
933 78,106 true
934 78,106 true
935 78,106 true
936 78,106 true
937 79,106 true
938 79,106 true
939 79,106 true
940 79,106 true
941 79,106 true
942 79,106 true
943 79,106 true
944 79,106 true
945 79,106 true
946 79,106 true
947 79,106 true
948 79,106 true
949 80,106 true
950 80,106 true
951 80,106 false
952 80,106 false
953 80,106 false
954 80,106 false
955 80,106 false
956 80,106 false
957 80,106 false
958 80,106 false
959 80,106 false
960 80,106 false
961 81,106 false
962 81,106 false
963 81,106 false
964 81,106 false
965 81,106 false
966 81,106 false
967 81,106 false
968 81,106 false
969 81,106 false
970 81,106 false
971 81,106 false
972 81,106 false
973 82,106 false
974 82,106 false
975 82,106 false
976 82,106 false
977 82,106 false
978 82,106 false
979 82,106 false
980 82,106 false
981 82,106 false
982 82,106 false
983 82,106 false
984 82,106 false
985 83,106 false
986 83,106 false
987 83,106 false
988 83,106 false
989 83,106 false
990 83,106 false
991 83,106 false
992 83,106 false
993 83,106 false
994 83,106 false
995 83,106 false
996 83,106 false
997 84,106 false
998 84,106 false
999 84,106 false
1000 84,106 false
1001 84,106 false
1002 84,106 false
1003 84,106 false
1004 84,106 false
1005 84,106 false
1006 84,106 false
1007 84,106 false
1008 84,106 false
1009 85,106 false
1010 85,106 false
1011 85,106 false
1012 85,106 false
1013 85,106 false
1014 85,106 false
1015 85,106 false
1016 85,106 false
1017 85,106 false
1018 85,106 false
1019 85,106 false
1020 85,106 false
1021 86,106 false
1022 86,106 false
1023 86,106 false
1024 86,106 false
1025 86,106 false
1026 86,106 false
1027 86,106 false
1028 86,106 false
1029 86,106 false
1030 86,106 false
1031 86,106 false
1032 86,106 false
1033 87,106 false
1034 87,106 false
1035 87,106 false
1036 87,106 false
1037 87,106 false
1038 87,106 false
1039 87,106 false
1040 87,106 false
1041 87,106 false
1042 87,106 false
1043 87,106 false
1044 87,106 false
1045 88,106 false
1046 88,106 false
1047 88,106 false
1048 88,106 false
1049 88,106 false
1050 88,106 false
1051 88,106 false
1052 88,106 false
1053 88,106 false
1054 88,106 false
1055 88,106 false
1056 88,106 false
1057 89,106 false
1058 89,106 false
1059 89,106 false
1060 89,106 false
1061 89,106 false
1062 89,106 false
1063 89,106 false
1064 89,106 false
1065 89,106 false
1066 89,106 false
1067 89,106 false
1068 89,106 false
1069 90,106 false
1070 90,106 false
1071 90,106 false
1072 90,106 false
1073 90,106 false
1074 90,106 false
1075 90,106 false
1076 90,106 false
1077 90,106 false
1078 90,106 false
1079 90,106 false
1080 90,106 false
1081 91,106 false
1082 91,106 false
1083 91,106 false
1084 91,106 false
1085 91,106 false
1086 91,106 false
1087 91,106 false
1088 91,106 false
1089 91,106 false
1090 91,106 false
1091 91,106 false
1092 91,106 false
1093 92,106 false
1094 92,106 false
1095 92,106 false
1096 92,106 false
1097 92,106 false
1098 92,106 false
1099 92,106 false
1100 92,106 false
1101 92,106 false
1102 92,106 false
1103 92,106 false
1104 92,106 false
1105 93,106 false
1106 93,106 false
1107 93,106 false
1108 93,106 false
1109 93,106 false
1110 93,106 false
1111 93,106 false
1112 93,106 false
1113 93,106 false
1114 93,106 false
1115 93,106 false
1116 93,106 false
1117 94,106 false
1118 94,106 false
1119 94,106 false
1120 94,106 false
1121 94,106 false
1122 94,106 false
1123 94,106 false
1124 94,106 false
1125 94,106 false
1126 94,106 false
1127 94,106 false
1128 94,106 false
1129 95,106 false
1130 95,106 false
1131 95,106 false
1132 95,106 false
1133 95,106 false
1134 95,106 false
1135 95,106 false
1136 95,106 false
1137 95,106 false
1138 95,106 false
1139 95,106 false
1140 95,106 false
1141 96,106 false
1142 96,106 false
1143 96,106 false
1144 96,106 false
1145 96,106 false
1146 96,106 false
1147 96,106 false
1148 96,106 false
1149 96,106 false
1150 96,106 false
1151 96,106 false
1152 96,106 false
1153 97,106 false
1154 97,106 false
1155 97,106 false
1156 97,106 false
1157 97,106 false
1158 97,106 false
1159 97,106 false
1160 97,106 false
1161 97,106 false
1162 97,106 false
1163 97,106 false
1164 97,106 false
1165 98,106 false
1166 98,106 false
1167 98,106 false
1168 98,106 false
1169 98,106 false
1170 98,106 false
1171 98,106 false
1172 98,106 false
1173 98,106 false
1174 98,106 false
1175 98,106 false
1176 98,106 false
1177 99,106 false
1178 99,106 false
1179 99,106 false
1180 99,106 false
1181 99,106 false
1182 99,106 false
1183 99,106 false
1184 99,106 false
1185 99,106 false
1186 99,106 false
1187 99,106 false
1188 99,106 false
1189 100,106 false
1190 100,106 false
1191 100,106 false
1192 100,106 false
1193 100,106 false
1194 100,106 false
1195 100,106 false
1196 100,106 false
1197 100,106 false
1198 100,106 false
1199 100,106 false
1200 100,106 false
1201 101,106 false
1202 101,106 false
1203 101,106 false
1204 101,106 false
1205 101,106 false
1206 101,106 false
1207 101,106 false
1208 101,106 false
1209 101,106 false
1210 101,106 false
1211 101,106 false
1212 101,106 false
1213 102,106 false
1214 102,106 false
1215 102,106 false
1216 102,106 false
1217 102,106 false
1218 102,106 false
1219 102,106 false
1220 102,106 false
1221 102,106 false
1222 102,106 false
1223 102,106 false
1224 102,106 false
1225 103,106 false
1226 103,106 false
1227 103,106 false
1228 103,106 false
1229 103,106 false
1230 103,106 false
1231 103,106 false
1232 103,106 false
1233 103,106 false
1234 103,106 false
1235 103,106 false
1236 103,106 false
1237 104,106 false
1238 104,106 false
1239 104,106 false
1240 104,106 false
1241 104,106 false
1242 104,106 false
1243 104,106 false
1244 104,106 false
1245 104,106 false
1246 104,106 false
1247 104,106 false
1248 104,106 false
1249 105,106 false
1250 105,106 false
1251 105,106 false
1252 105,106 false
1253 105,106 false
1254 105,106 false
1255 105,106 false
1256 105,106 false
1257 105,106 false
1258 105,106 false
1259 105,106 false
1260 105,106 false
1261 106,106 false
1262 106,106 false
1263 106,106 false
1264 106,106 false
1265 106,106 false
1266 106,106 false
1267 106,106 false
1268 106,106 false
1269 106,106 false
1270 106,106 false
1271 106,106 false
1272 106,106 false
1273 107,106 false
1274 107,106 false
1275 107,106 false
1276 107,106 false
1277 107,106 false
1278 107,106 false
1279 107,106 false
1280 107,106 false
1281 107,106 false
1282 107,106 false
1283 107,106 false
1284 107,106 false
1285 108,106 false
1286 108,106 false
1287 108,106 false
1288 108,106 false
1289 108,106 false
1290 108,106 false
1291 108,106 false
1292 108,106 false
1293 108,106 false
1294 108,106 false
1295 108,106 false
1296 108,106 false
1297 109,106 false
1298 109,106 false
1299 109,106 false
1300 109,106 false
1301 109,106 false
1302 109,106 false
1303 109,106 false
1304 109,106 false
1305 109,106 false
1306 109,106 false
1307 109,106 false
1308 109,106 false
1309 110,106 false
1310 110,106 false
1311 110,106 false
1312 110,106 false
1313 110,106 false
1314 110,106 false
1315 110,106 false
1316 110,106 false
1317 110,106 false
1318 110,106 false
1319 110,106 false
1320 110,106 false
1321 111,106 false
1322 111,106 false
1323 111,106 false
1324 111,106 false
1325 111,106 false
1326 111,106 false
1327 111,106 false
1328 111,106 false
1329 111,106 false
1330 111,106 false
1331 111,106 false
1332 111,106 false
1333 112,106 false
1334 112,106 false
1335 112,106 false
1336 112,106 false
1337 112,106 false
1338 112,106 false
1339 112,106 false
1340 112,106 false
1341 112,106 false
1342 112,106 false
1343 112,106 false
1344 112,106 false
1345 113,106 false
1346 113,106 false
1347 113,106 false
1348 113,106 false
1349 113,106 false
1350 113,106 false
1351 113,106 false
1352 113,106 false
1353 113,106 false
1354 113,106 false
1355 113,106 false
1356 113,106 false
1357 114,106 false
1358 114,106 false
1359 114,106 false
1360 114,106 false
1361 114,106 false
1362 114,106 false
1363 114,106 false
1364 114,106 false
1365 114,106 false
1366 114,106 false
1367 114,106 false
1368 114,106 false
1369 115,106 false
1370 115,106 false
1371 115,106 false
1372 115,106 false
1373 115,106 false
1374 115,106 false
1375 115,106 false
1376 115,106 false
1377 115,106 false
1378 115,106 false
1379 115,106 false
1380 115,106 false
1381 116,106 false
1382 116,106 false
1383 116,106 false
1384 116,106 false
1385 116,106 false
1386 116,106 false
1387 116,106 false
1388 116,106 false
1389 116,106 false
1390 116,106 false
1391 116,106 false
1392 116,106 false
1393 117,106 false
1394 117,106 false
1395 117,106 false
1396 117,106 false
1397 117,106 false
1398 117,106 false
1399 117,106 false
1400 117,106 false
1401 117,106 false
1402 117,106 false
1403 117,106 false
1404 117,106 false
1405 118,106 false
1406 118,106 false
1407 118,106 false
1408 118,106 false
1409 118,106 false
1410 118,106 false
1411 118,106 false
1412 118,106 false
1413 118,106 false
1414 118,106 false
1415 118,106 false
1416 118,106 false
1417 119,106 false
1418 119,106 false
1419 119,106 false
1420 119,106 false
1421 119,106 false
1422 119,106 false
1423 119,106 false
1424 119,106 false
1425 119,106 false
1426 119,106 false
1427 119,106 false
1428 119,106 false
1429 120,106 false
1430 120,106 false
1431 120,106 false
1432 120,106 false
1433 120,106 false
1434 120,106 false
1435 120,106 false
1436 120,106 false
1437 120,106 false
1438 120,106 false
1439 120,106 false
1440 120,106 false
1441 121,106 false
1442 121,106 false
1443 121,106 false
1444 121,106 false
1445 121,106 false
1446 121,106 false
1447 121,106 false
1448 121,106 false
1449 121,106 false
1450 121,106 false
1451 121,106 false
1452 121,106 false
1453 122,106 false
1454 122,106 false
1455 122,106 false
1456 122,106 false
1457 122,106 false
1458 122,106 false
1459 122,106 false
1460 122,106 false
1461 122,106 false
1462 122,106 false
1463 122,106 false
1464 122,106 false
1465 123,106 false
1466 123,106 false
1467 123,106 false
1468 123,106 false
1469 123,106 false
1470 123,106 false
1471 123,106 false
1472 123,106 false
1473 123,106 false
1474 123,106 false
1475 123,106 false
1476 123,106 false
1477 124,106 false
1478 124,106 false
1479 124,106 false
1480 124,106 false
1481 124,106 false
1482 124,106 false
1483 124,106 false
1484 124,106 false
1485 124,106 false
1486 124,106 false
1487 124,106 false
1488 124,106 false
1489 125,106 false
1490 125,106 false
1491 125,106 false
1492 125,106 false
1493 125,106 false
1494 125,106 false
1495 125,106 false
1496 125,106 false
1497 125,106 false
1498 125,106 false
1499 125,106 false
1500 125,106 false
1501 126,106 false
1502 126,106 false
1503 126,106 false
1504 126,106 false
1505 126,106 false
1506 126,106 false
1507 126,106 false
1508 126,106 false
1509 126,106 false
1510 126,106 false
1511 126,106 false
1512 126,106 false
1513 127,106 false
1514 127,106 false
1515 127,106 false
1516 127,106 false
1517 127,106 false
1518 127,106 false
1519 127,106 false
1520 127,106 false
1521 127,106 false
1522 127,106 false
1523 127,106 false
1524 127,106 false
1525 128,106 false
1526 128,106 false
1527 128,106 false
1528 128,106 false
1529 128,106 false
1530 128,106 false
1531 128,106 false
1532 128,106 false
1533 128,106 false
1534 128,106 false
1535 128,106 false
1536 128,106 false
1537 129,106 false
1538 129,106 false
1539 129,106 false
1540 129,106 false
1541 129,106 false
1542 129,106 false
1543 129,106 false
1544 129,106 false
1545 129,106 false
1546 129,106 false
1547 129,106 false
1548 129,106 false
1549 130,106 false
1550 130,106 false
1551 130,106 false
1552 130,106 false
1553 130,106 false
1554 130,106 false
1555 130,106 false
1556 130,106 false
1557 130,106 false
1558 130,106 false
1559 130,106 false
1560 130,106 false
1561 131,106 false
1562 131,106 false
1563 131,106 false
1564 131,106 false
1565 131,106 false
1566 131,106 false
1567 131,106 false
1568 131,106 false
1569 131,106 false
1570 131,106 false
1571 131,106 false
1572 131,106 false
1573 132,106 false
1574 132,106 false
1575 132,106 false
1576 132,106 false
1577 132,106 false
1578 132,106 false
1579 132,106 false
1580 132,106 false
1581 132,106 false
1582 132,106 false
1583 132,106 false
1584 132,106 false
1585 133,106 false
1586 133,106 false
1587 133,106 false
1588 133,106 false
1589 133,106 false
1590 133,106 false
1591 133,106 false
1592 133,106 false
1593 133,106 false
1594 133,106 false
1595 133,106 false
1596 133,106 false
1597 134,106 false
1598 134,106 false
1599 134,106 false
1600 134,106 false
1601 134,106 false
1602 134,106 false
1603 134,106 false
1604 134,106 false
1605 134,106 false
1606 134,106 false
1607 134,106 false
1608 134,106 false
1609 135,106 false
1610 135,106 false
1611 135,106 false
1612 135,106 false
1613 135,106 false
1614 135,106 false
1615 135,106 false
1616 135,106 false
1617 135,106 false
1618 135,106 false
1619 135,106 false
1620 135,106 false
1621 136,106 false
1622 136,106 false
1623 136,106 false
1624 136,106 false
1625 136,106 false
1626 136,106 false
1627 136,106 false
1628 136,106 false
1629 136,106 false
1630 136,106 false
1631 136,106 false
1632 136,106 false
1633 137,106 false
1634 137,106 false
1635 137,106 false
1636 137,106 false
1637 137,106 false
1638 137,106 false
1639 137,106 false
1640 137,106 false
1641 137,106 false
1642 137,106 false
1643 137,106 false
1644 137,106 false
1645 138,106 false
1646 138,106 false
1647 138,106 false
1648 138,106 false
1649 138,106 false
1650 138,106 false
1651 138,106 false
1652 138,106 false
1653 138,106 false
1654 138,106 false
1655 138,106 false
1656 138,106 false
1657 139,106 false
1658 139,106 false
1659 139,106 false
1660 139,106 false
1661 139,106 false
1662 139,106 false
1663 139,106 false
1664 139,106 false
1665 139,106 false
1666 139,106 false
1667 139,106 false
1668 139,106 false
1669 140,106 false
1670 140,106 false
1671 140,106 false
1672 140,106 false
1673 140,106 false
1674 140,106 false
1675 140,106 false
1676 140,106 false
1677 140,106 false
1678 140,106 false
1679 140,106 false
1680 140,106 false
1681 141,106 false
1682 141,106 false
1683 141,106 false
1684 141,106 false
1685 141,106 false
1686 141,106 false
1687 141,106 false
1688 141,106 false
1689 141,106 false
1690 141,106 false
1691 141,106 false
1692 141,106 false
1693 142,106 false
1694 142,106 false
1695 142,106 false
1696 142,106 false
1697 142,106 false
1698 142,106 false
1699 142,106 false
1700 142,106 false
1701 142,106 false
1702 142,106 false
1703 142,106 false
1704 142,106 false
1705 143,106 false
1706 143,106 false
1707 143,106 false
1708 143,106 false
1709 143,106 false
1710 143,106 false
1711 143,106 false
1712 143,106 false
1713 143,106 false
1714 143,106 false
1715 143,106 false
1716 143,106 false
1717 144,106 false
1718 144,106 false
1719 144,106 false
1720 144,106 false
1721 144,106 false
1722 144,106 false
1723 144,106 false
1724 144,106 false
1725 144,106 false
1726 144,106 false
1727 144,106 false
1728 144,106 false
1729 145,106 false
1730 145,106 false
1731 145,106 false
1732 145,106 false
1733 145,106 false
1734 145,106 false
1735 145,106 false
1736 145,106 false
1737 145,106 false
1738 145,106 false
1739 145,106 false
1740 145,106 false
1741 146,106 false
1742 146,106 false
1743 146,106 false
1744 146,106 false
1745 146,106 false
1746 146,106 false
1747 146,106 false
1748 146,106 false
1749 146,106 false
1750 146,106 false
1751 146,106 false
1752 146,106 false
1753 147,106 false
1754 147,106 false
1755 147,106 false
1756 147,106 false
1757 147,106 false
1758 147,106 false
1759 147,106 false
1760 147,106 false
1761 147,106 false
1762 147,106 false
1763 147,106 false
1764 147,106 false
1765 148,106 false
1766 148,106 false
1767 148,106 false
1768 148,106 false
1769 148,106 false
1770 148,106 false
1771 148,106 false
1772 148,106 false
1773 148,106 false
1774 148,106 false
1775 148,106 false
1776 148,106 false
1777 149,106 false
1778 149,106 false
1779 149,106 false
1780 149,106 false
1781 149,106 false
1782 149,106 false
1783 149,106 false
1784 149,106 false
1785 149,106 false
1786 149,106 false
1787 149,106 false
1788 149,106 false
1789 150,106 false
1790 150,106 false
1791 150,106 false
1792 150,106 false
1793 150,106 false
1794 150,106 false
1795 150,106 false
1796 150,106 false
1797 150,106 false
1798 150,106 false
1799 150,106 false
1800 150,106 false
1801 151,106 false
1802 151,106 false
1803 151,106 false
1804 151,106 false
1805 151,106 false
1806 151,106 false
1807 151,106 false
1808 151,106 false
1809 151,106 false
1810 151,106 false
1811 151,106 false
1812 151,106 false
1813 152,106 false
1814 152,106 false
1815 152,106 false
1816 152,106 false
1817 152,106 false
1818 152,106 false
1819 152,106 false
1820 152,106 false
1821 152,106 false
1822 152,106 false
1823 152,106 false
1824 152,106 false
1825 153,106 false
1826 153,106 false
1827 153,106 false
1828 153,106 false
1829 153,106 false
1830 153,106 false
1831 153,106 false
1832 153,106 false
1833 153,106 false
1834 153,106 false
1835 153,106 false
1836 153,106 false
1837 154,106 false
1838 154,106 false
1839 154,106 false
1840 154,106 false
1841 154,106 false
1842 154,106 false
1843 154,106 false
1844 154,106 false
1845 154,106 false
1846 154,106 false
1847 154,106 false
1848 154,106 false
1849 155,106 false
1850 155,106 false
1851 155,106 false
1852 155,106 false
1853 155,106 false
1854 155,106 false
1855 155,106 false
1856 155,106 false
1857 155,106 false
1858 155,106 false
1859 155,106 false
1860 155,106 false
1861 156,106 false
1862 156,106 false
1863 156,106 false
1864 156,106 false
1865 156,106 false
1866 156,106 false
1867 156,106 false
1868 156,106 false
1869 156,106 false
1870 156,106 false
1871 156,106 false
1872 156,106 false
1873 157,106 false
1874 157,106 false
1875 157,106 false
1876 157,106 false
1877 157,106 false
1878 157,106 false
1879 157,106 false
1880 157,106 false
1881 157,106 false
1882 157,106 false
1883 157,106 false
1884 157,106 false
1885 158,106 false
1886 158,106 false
1887 158,106 false
1888 158,106 false
1889 158,106 false
1890 158,106 false
1891 158,106 false
1892 158,106 false
1893 158,106 false
1894 158,106 false
1895 158,106 false
1896 158,106 false
1897 159,106 false
1898 159,106 false
1899 159,106 false
1900 159,106 false
1901 159,106 false
1902 159,106 false
1903 159,106 false
1904 159,106 false
1905 159,106 false
1906 159,106 false
1907 159,106 false
1908 159,106 false
1909 160,106 false
1910 160,106 false
1911 160,106 false
1912 160,106 false
1913 160,106 false
1914 160,106 false
1915 160,106 false
1916 160,106 false
1917 160,106 false
1918 160,106 false
1919 160,106 false
1920 160,106 false
1921 161,106 false
1922 161,106 false
1923 161,106 false
1924 161,106 false
1925 161,106 false
1926 161,106 false
1927 161,106 false
1928 161,106 false
1929 161,106 false
1930 161,106 false
1931 161,106 false
1932 161,106 false
1933 162,106 false
1934 162,106 false
1935 162,106 false
1936 162,106 false
1937 162,106 false
1938 162,106 false
1939 162,106 false
1940 162,106 false
1941 162,106 false
1942 162,106 false
1943 162,106 false
1944 162,106 false
1945 163,106 false
1946 163,106 false
1947 163,106 false
1948 163,106 false
1949 163,106 false
1950 163,106 false
1951 163,106 false
1952 163,106 false
1953 163,106 false
1954 163,106 false
1955 163,106 false
1956 163,106 false
1957 164,106 false
1958 164,106 false
1959 164,106 false
1960 164,106 false
1961 164,106 false
1962 164,106 false
1963 164,106 false
1964 164,106 false
1965 164,106 false
1966 164,106 false
1967 164,106 false
1968 164,106 false
1969 165,106 false
1970 165,106 false
1971 165,106 false
1972 165,106 false
1973 165,106 false
1974 165,106 false
1975 165,106 false
1976 165,106 false
1977 165,106 false
1978 165,106 false
1979 165,106 false
1980 165,106 false
1981 166,106 false
1982 166,106 false
1983 166,106 false
1984 166,106 false
1985 166,106 false
1986 166,106 false
1987 166,106 false
1988 166,106 false
1989 166,106 false
1990 166,106 false
1991 166,106 false
1992 166,106 false
1993 167,106 false
1994 167,106 false
1995 167,106 false
1996 167,106 false
1997 167,106 false
1998 167,106 false
1999 167,106 false
2000 167,106 false
2001 167,106 false
2002 167,106 false
2003 167,106 false
2004 167,106 false
2005 168,106 false
2006 168,106 false
2007 168,106 false
2008 168,106 false
2009 168,106 false
2010 168,106 false
2011 168,106 false
2012 168,106 false
2013 168,106 false
2014 168,106 false
2015 168,106 false
2016 168,106 false
2017 169,106 false
2018 169,106 false
2019 169,106 false
2020 169,106 false
2021 169,106 false
2022 169,106 false
2023 169,106 false
2024 169,106 false
2025 169,106 false
2026 169,106 false
2027 169,106 false
2028 169,106 false
2029 170,106 false
2030 170,106 false
2031 170,106 false
2032 170,106 false
2033 170,106 false
2034 170,106 false
2035 170,106 false
2036 170,106 false
2037 170,106 false
2038 170,106 false
2039 170,106 false
2040 170,106 false
2041 171,106 false
2042 171,106 false
2043 171,106 false
2044 171,106 false
2045 171,106 false
2046 171,106 false
2047 171,106 false
2048 171,106 false
2049 171,106 false
2050 171,106 false
2051 171,106 false
2052 171,106 false
2053 172,106 false
2054 172,106 false
2055 172,106 false
2056 172,106 false
2057 172,106 false
2058 172,106 false
2059 172,106 false
2060 172,106 false
2061 172,106 false
2062 172,106 false
2063 172,106 false
2064 172,106 false
2065 173,106 false
2066 173,106 false
2067 173,106 false
2068 173,106 false
2069 173,106 false
2070 173,106 false
2071 173,106 false
2072 173,106 false
2073 173,106 false
2074 173,106 false
2075 173,106 false
2076 173,106 false
2077 174,106 false
2078 174,106 false
2079 174,106 false
2080 174,106 false
2081 174,106 false
2082 174,106 false
2083 174,106 false
2084 174,106 false
2085 174,106 false
2086 174,106 false
2087 174,106 false
2088 174,106 false
2089 175,106 false
2090 175,106 false
2091 175,106 false
2092 175,106 false
2093 175,106 false
2094 175,106 false
2095 175,106 false
2096 175,106 false
2097 175,106 false
2098 175,106 false
2099 175,106 false
2100 175,106 false
2101 176,106 false
2102 176,106 false
2103 176,106 false
2104 176,106 false
2105 176,106 false
2106 176,106 false
2107 176,106 false
2108 176,106 false
2109 176,106 false
2110 176,106 false
2111 176,106 false
2112 176,106 false
2113 177,106 false
2114 177,106 false
2115 177,106 false
2116 177,106 false
2117 177,106 false
2118 177,106 false
2119 177,106 false
2120 177,106 false
2121 177,106 false
2122 177,106 false
2123 177,106 false
2124 177,106 false
2125 178,106 false
2126 178,106 false
2127 178,106 false
2128 178,106 false
2129 178,106 false
2130 178,106 false
2131 178,106 false
2132 178,106 false
2133 178,106 false
2134 178,106 false
2135 178,106 false
2136 178,106 false
2137 179,106 false
2138 179,106 false
2139 179,106 false
2140 179,106 false
2141 179,106 false
2142 179,106 false
2143 179,106 false
2144 179,106 false
2145 179,106 false
2146 179,106 false
2147 179,106 false
2148 179,106 false
2149 180,106 false
2150 180,106 false
2151 180,106 false
2152 180,106 false
2153 180,106 false
2154 180,106 false
2155 180,106 false
2156 180,106 false
2157 180,106 false
2158 180,106 false
2159 180,106 false
2160 180,106 false
2161 181,106 false
2162 181,106 false
2163 181,106 false
2164 181,106 false
2165 181,106 false
2166 181,106 false
2167 181,106 false
2168 181,106 false
2169 181,106 false
2170 181,106 false
2171 181,106 false
2172 181,106 false
2173 182,106 false
2174 182,106 false
2175 182,106 false
2176 182,106 false
2177 182,106 false
2178 182,106 false
2179 182,106 false
2180 182,106 false
2181 182,106 false
2182 182,106 false
2183 182,106 false
2184 182,106 false
2185 183,106 false
2186 183,106 false
2187 183,106 false
2188 183,106 false
2189 183,106 false
2190 183,106 false
2191 183,106 false
2192 183,106 false
2193 183,106 false
2194 183,106 false
2195 183,106 false
2196 183,106 false
2197 184,106 false
2198 184,106 false
2199 184,106 false
2200 184,106 false
2201 184,106 false
2202 184,106 false
2203 184,106 false
2204 184,106 false
2205 184,106 false
2206 184,106 false
2207 184,106 false
2208 184,106 false
2209 185,106 false
2210 185,106 false
2211 185,106 false
2212 185,106 false
2213 185,106 false
2214 185,106 false
2215 185,106 false
2216 185,106 false
2217 185,106 false
2218 185,106 false
2219 185,106 false
2220 185,106 false
2221 186,106 false
2222 186,106 false
2223 186,106 false
2224 186,106 false
2225 186,106 false
2226 186,106 false
2227 186,106 false
2228 186,106 false
2229 186,106 false
2230 186,106 false
2231 186,106 false
2232 186,106 false
2233 187,106 false
2234 187,106 false
2235 187,106 false
2236 187,106 false
2237 187,106 false
2238 187,106 false
2239 187,106 false
2240 187,106 false
2241 187,106 false
2242 187,106 false
2243 187,106 false
2244 187,106 false
2245 188,106 false
2246 188,106 false
2247 188,106 false
2248 188,106 false
2249 188,106 false
2250 188,106 false
2251 188,106 false
2252 188,106 false
2253 188,106 false
2254 188,106 false
2255 188,106 false
2256 188,106 false
2257 189,106 false
2258 189,106 false
2259 189,106 false
2260 189,106 false
2261 189,106 false
2262 189,106 false
2263 189,106 false
2264 189,106 false
2265 189,106 false
2266 189,106 false
2267 189,106 false
2268 189,106 false
2269 190,106 false
2270 190,106 false
2271 190,106 false
2272 190,106 false
2273 190,106 false
2274 190,106 false
2275 190,106 false
2276 190,106 false
2277 190,106 false
2278 190,106 false
2279 190,106 false
2280 190,106 false
2281 191,106 false
2282 191,106 false
2283 191,106 false
2284 191,106 false
2285 191,106 false
2286 191,106 false
2287 191,106 false
2288 191,106 false
2289 191,106 false
2290 191,106 false
2291 191,106 false
2292 191,106 false
2293 192,106 false
2294 192,106 false
2295 192,106 false
2296 192,106 false
2297 192,106 false
2298 192,106 false
2299 192,106 false
2300 192,106 false
2301 192,106 false
2302 192,106 false
2303 192,106 false
2304 192,106 false
2305 193,106 false
2306 193,106 false
2307 193,106 false
2308 193,106 false
2309 193,106 false
2310 193,106 false
2311 193,106 false
2312 193,106 false
2313 193,106 false
2314 193,106 false
2315 193,106 false
2316 193,106 false
2317 194,106 false
2318 194,106 false
2319 194,106 false
2320 194,106 false
2321 194,106 false
2322 194,106 false
2323 194,106 false
2324 194,106 false
2325 194,106 false
2326 194,106 false
2327 194,106 false
2328 194,106 false
2329 195,106 false
2330 195,106 false
2331 195,106 false
2332 195,106 false
2333 195,106 false
2334 195,106 false
2335 195,106 false
2336 195,106 false
2337 195,106 false
2338 195,106 false
2339 195,106 false
2340 195,106 false
2341 196,106 false
2342 196,106 false
2343 196,106 false
2344 196,106 false
2345 196,106 false
2346 196,106 false
2347 196,106 false
2348 196,106 false
2349 196,106 false
2350 196,106 false
2351 196,106 false
2352 196,106 false
2353 197,106 false
2354 197,106 false
2355 197,106 false
2356 197,106 false
2357 197,106 false
2358 197,106 false
2359 197,106 false
2360 197,106 false
2361 197,106 false
2362 197,106 false
2363 197,106 false
2364 197,106 false
2365 198,106 false
2366 198,106 false
2367 198,106 false
2368 198,106 false
2369 198,106 false
2370 198,106 false
2371 198,106 false
2372 198,106 false
2373 198,106 false
2374 198,106 false
2375 198,106 false
2376 198,106 false
2377 199,106 false
2378 199,106 false
2379 199,106 false
2380 199,106 false
2381 199,106 false
2382 199,106 false
2383 199,106 false
2384 199,106 false
2385 199,106 false
2386 199,106 false
2387 199,106 false
2388 199,106 false
2389 200,106 false
2390 200,106 false
2391 200,106 false
2392 200,106 false
2393 200,106 false
2394 200,106 false
2395 200,106 false
2396 200,106 false
2397 200,106 false
2398 200,106 false
2399 200,106 false
2400 200,106 false
2401 201,106 false
2402 201,106 false
2403 201,106 false
2404 201,106 false
2405 201,106 false
2406 201,106 false
2407 201,106 false
2408 201,106 false
2409 201,106 false
2410 201,106 false
2411 201,106 false
2412 201,106 false
2413 202,106 false
2414 202,106 false
2415 202,106 false
2416 202,106 false
2417 202,106 false
2418 202,106 false
2419 202,106 false
2420 202,106 false
2421 202,106 false
2422 202,106 false
2423 202,106 false
2424 202,106 false
2425 203,106 false
2426 203,106 false
2427 203,106 false
2428 203,106 false
2429 203,106 false
2430 203,106 false
2431 203,106 false
2432 203,106 false
2433 203,106 false
2434 203,106 false
2435 203,106 false
2436 203,106 false
2437 204,106 false
2438 204,106 false
2439 204,106 false
2440 204,106 false
2441 204,106 false
2442 204,106 false
2443 204,106 false
2444 204,106 false
2445 204,106 false
2446 204,106 false
2447 204,106 false
2448 204,106 false
2449 205,106 false
2450 205,106 false
2451 205,106 false
2452 205,106 false
2453 205,106 false
2454 205,106 false
2455 205,106 false
2456 205,106 false
2457 205,106 false
2458 205,106 false
2459 205,106 false
2460 205,106 false
2461 206,106 false
2462 206,106 false
2463 206,106 false
2464 206,106 false
2465 206,106 false
2466 206,106 false
2467 206,106 false
2468 206,106 false
2469 206,106 false
2470 206,106 false
2471 206,106 false
2472 206,106 false
2473 207,106 false
2474 207,106 false
2475 207,106 false
2476 207,106 false
2477 207,106 false
2478 207,106 false
2479 207,106 false
2480 207,106 false
2481 207,106 false
2482 207,106 false
2483 207,106 false
2484 207,106 false
2485 208,106 false
2486 208,106 false
2487 208,106 false
2488 208,106 false
2489 208,106 false
2490 208,106 false
2491 208,106 false
2492 208,106 false
2493 208,106 false
2494 208,106 false
2495 208,106 false
2496 208,106 false
2497 209,106 false
2498 209,106 false
2499 209,106 false
2500 209,106 false
2501 209,106 false
2502 209,106 false
2503 209,106 false
2504 209,106 false
2505 209,106 false
2506 209,106 false
2507 209,106 false
2508 209,106 false
2509 210,106 false
2510 210,106 false
2511 210,106 false
2512 210,106 false
2513 210,106 false
2514 210,106 false
2515 210,106 false
2516 210,106 false
2517 210,106 false
2518 210,106 false
2519 210,106 false
2520 210,106 false
2521 211,106 false
2522 211,106 false
2523 211,106 false
2524 211,106 false
2525 211,106 false
2526 211,106 false
2527 211,106 false
2528 211,106 false
2529 211,106 false
2530 211,106 false
2531 211,106 false
2532 211,106 false
2533 212,106 false
2534 212,106 false
2535 212,106 false
2536 212,106 false
2537 212,106 false
2538 212,106 false
2539 212,106 false
2540 212,106 false
2541 212,106 false
2542 212,106 false
2543 212,106 false
2544 212,106 false
2545 213,106 false
2546 213,106 false
2547 213,106 false
2548 213,106 false
2549 213,106 false
2550 213,106 false
2551 213,106 false
2552 213,106 false
2553 213,106 false
2554 213,106 false
2555 213,106 false
2556 213,106 false
2557 214,106 false
2558 214,106 false
2559 214,106 false
2560 214,106 false
2561 214,106 false
2562 214,106 false
2563 214,106 false
2564 214,106 false
2565 214,106 false
2566 214,106 false
2567 214,106 false
2568 214,106 false
2569 215,106 false
2570 215,106 false
2571 215,106 false
2572 215,106 false
2573 215,106 false
2574 215,106 false
2575 215,106 false
2576 215,106 false
2577 215,106 false
2578 215,106 false
2579 215,106 false
2580 215,106 false
2581 216,106 false
2582 216,106 false
2583 216,106 false
2584 216,106 false
2585 216,106 false
2586 216,106 false
2587 216,106 false
2588 216,106 false
2589 216,106 false
2590 216,106 false
2591 216,106 false
2592 216,106 false
2593 217,106 false
2594 217,106 false
2595 217,106 false
2596 217,106 false
2597 217,106 false
2598 217,106 false
2599 217,106 false
2600 217,106 false
2601 217,106 false
2602 217,106 false
2603 217,106 false
2604 217,106 false
2605 218,106 false
2606 218,106 false
2607 218,106 false
2608 218,106 false
2609 218,106 false
2610 218,106 false
2611 218,106 false
2612 218,106 false
2613 218,106 false
2614 218,106 false
2615 218,106 false
2616 218,106 false
2617 219,106 false
2618 219,106 false
2619 219,106 false
2620 219,106 false
2621 219,106 false
2622 219,106 false
2623 219,106 false
2624 219,106 false
2625 219,106 false
2626 219,106 false
2627 219,106 false
2628 219,106 false
2629 220,106 false
2630 220,106 false
2631 220,106 false
2632 220,106 false
2633 220,106 false
2634 220,106 false
2635 220,106 false
2636 220,106 false
2637 220,106 false
2638 220,106 false
2639 220,106 false
2640 220,106 false
2641 221,106 false
2642 221,106 false
2643 221,106 false
2644 221,106 false
2645 221,106 false
2646 221,106 false
2647 221,106 false
2648 221,106 false
2649 221,106 false
2650 221,106 false
2651 221,106 false
2652 221,106 false
2653 222,106 false
2654 222,106 false
2655 222,106 false
2656 222,106 false
2657 222,106 false
2658 222,106 false
2659 222,106 false
2660 222,106 false
2661 222,106 false
2662 222,106 false
2663 222,106 false
2664 222,106 false
2665 223,106 false
2666 223,106 false
2667 223,106 false
2668 223,106 false
2669 223,106 false
2670 223,106 false
2671 223,106 false
2672 223,106 false
2673 223,106 false
2674 223,106 false
2675 223,106 false
2676 223,106 false
2677 224,106 false
2678 224,106 false
2679 224,106 false
2680 224,106 false
2681 224,106 false
2682 224,106 false
2683 224,106 false
2684 224,106 false
2685 224,106 false
2686 224,106 false
2687 224,106 false
2688 224,106 false
2689 225,106 false
2690 225,106 false
2691 225,106 false
2692 225,106 false
2693 225,106 false
2694 225,106 false
2695 225,106 false
2696 225,106 false
2697 225,106 false
2698 225,106 false
2699 225,106 false
2700 225,106 false
2701 226,106 false
2702 226,106 false
2703 226,106 false
2704 226,106 false
2705 226,106 false
2706 226,106 false
2707 226,106 false
2708 226,106 false
2709 226,106 false
2710 226,106 false
2711 226,106 false
2712 226,106 false
2713 227,106 false
2714 227,106 false
2715 227,106 false
2716 227,106 false
2717 227,106 false
2718 227,106 false
2719 227,106 false
2720 227,106 false
2721 227,106 false
2722 227,106 false
2723 227,106 false
2724 227,106 false
2725 228,106 false
2726 228,106 false
2727 228,106 false
2728 228,106 false
2729 228,106 false
2730 228,106 false
2731 228,106 false
2732 228,106 false
2733 228,106 false
2734 228,106 false
2735 228,106 false
2736 228,106 false
2737 229,106 false
2738 229,106 false
2739 229,106 false
2740 229,106 false
2741 229,106 false
2742 229,106 false
2743 229,106 false
2744 229,106 false
2745 229,106 false
2746 229,106 false
2747 229,106 false
2748 229,106 false
2749 230,106 false
2750 230,106 false
2751 230,106 false
2752 230,106 false
2753 230,106 false
2754 230,106 false
2755 230,106 false
2756 230,106 false
2757 230,106 false
2758 230,106 false
2759 230,106 false
2760 230,106 false
2761 231,106 false
2762 231,106 false
2763 231,106 false
2764 231,106 false
2765 231,106 false
2766 231,106 false
2767 231,106 false
2768 231,106 false
2769 231,106 false
2770 231,106 false
2771 231,106 false
2772 231,106 false
2773 232,106 false
2774 232,106 false
2775 232,106 false
2776 232,106 false
2777 232,106 false
2778 232,106 false
2779 232,106 false
2780 232,106 false
2781 232,106 false
2782 232,106 false
2783 232,106 false
2784 232,106 false
2785 233,106 false
2786 233,106 false
2787 233,106 false
2788 233,106 false
2789 233,106 false
2790 233,106 false
2791 233,106 false
2792 233,106 false
2793 233,106 false
2794 233,106 false
2795 233,106 false
2796 233,106 false
2797 234,106 false
2798 234,106 false
2799 234,106 false
2800 234,106 false
2801 234,106 false
2802 234,106 false
2803 234,106 false
2804 234,106 false
2805 234,106 false
2806 234,106 false
2807 234,106 false
2808 234,106 false
2809 235,106 false
2810 235,106 false
2811 235,106 false
2812 235,106 false
2813 235,106 false
2814 235,106 false
2815 235,106 false
2816 235,106 false
2817 235,106 false
2818 235,106 false
2819 235,106 false
2820 235,106 false
2821 236,106 false
2822 236,106 false
2823 236,106 false
2824 236,106 false
2825 236,106 false
2826 236,106 false
2827 236,106 false
2828 236,106 false
2829 236,106 false
2830 236,106 false
2831 236,106 false
2832 236,106 false
2833 237,106 false
2834 237,106 false
2835 237,106 false
2836 237,106 false
2837 237,106 false
2838 237,106 false
2839 237,106 false
2840 237,106 false
2841 237,106 false
2842 237,106 false
2843 237,106 false
2844 237,106 false
2845 238,106 false
2846 238,106 false
2847 238,106 false
2848 238,106 false
2849 238,106 false
2850 238,106 false
2851 238,106 false
2852 238,106 false
2853 238,106 false
2854 238,106 false
2855 238,106 false
2856 238,106 false
2857 239,106 false
2858 239,106 false
2859 239,106 false
2860 239,106 false
2861 239,106 false
2862 239,106 false
2863 239,106 false
2864 239,106 false
2865 239,106 false
2866 239,106 false
2867 239,106 false
2868 239,106 false
2869 240,106 false
2870 240,106 false
2871 240,106 false
2872 240,106 false
2873 240,106 false
2874 240,106 false
2875 240,106 false
2876 240,106 false
2877 240,106 false
2878 240,106 false
2879 240,106 false
2880 240,106 false
2881 241,106 false
2882 241,106 false
2883 241,106 false
2884 241,106 false
2885 241,106 false
2886 241,106 false
2887 241,106 false
2888 241,106 false
2889 241,106 false
2890 241,106 false
2891 241,106 false
2892 241,106 false
2893 242,106 false
2894 242,106 false
2895 242,106 false
2896 242,106 false
2897 242,106 false
2898 242,106 false
2899 242,106 false
2900 242,106 false
2901 242,106 false
2902 242,106 false
2903 242,106 false
2904 242,106 false
2905 243,106 false
2906 243,106 false
2907 243,106 false
2908 243,106 false
2909 243,106 false
2910 243,106 false
2911 243,106 false
2912 243,106 false
2913 243,106 false
2914 243,106 false
2915 243,106 false
2916 243,106 false
2917 244,106 false
2918 244,106 false
2919 244,106 false
2920 244,106 false
2921 244,106 false
2922 244,106 false
2923 244,106 false
2924 244,106 false
2925 244,106 false
2926 244,106 false
2927 244,106 false
2928 244,106 false
2929 245,106 false
2930 245,106 false
2931 245,106 false
2932 245,106 false
2933 245,106 false
2934 245,106 false
2935 245,106 false
2936 245,106 false
2937 245,106 false
2938 245,106 false
2939 245,106 false
2940 245,106 false
2941 246,106 false
2942 246,106 false
2943 246,106 false
2944 246,106 false
2945 246,106 false
2946 246,106 false
2947 246,106 false
2948 246,106 false
2949 246,106 false
2950 246,106 false
2951 246,106 false
2952 246,106 false
2953 247,106 false
2954 247,106 false
2955 247,106 false
2956 247,106 false
2957 247,106 false
2958 247,106 false
2959 247,106 false
2960 247,106 false
2961 247,106 false
2962 247,106 false
2963 247,106 false
2964 247,106 false
2965 248,106 false
2966 248,106 false
2967 248,106 false
2968 248,106 false
2969 248,106 false
2970 248,106 false
2971 248,106 false
2972 248,106 false
2973 248,106 false
2974 248,106 false
2975 248,106 false
2976 248,106 false
2977 249,106 false
2978 249,106 false
2979 249,106 false
2980 249,106 false
2981 249,106 false
2982 249,106 false
2983 249,106 false
2984 249,106 false
2985 249,106 false
2986 249,106 false
2987 249,106 false
2988 249,106 false
2989 250,106 false
2990 250,106 false
2991 250,106 false
2992 250,106 false
2993 250,106 false
2994 250,106 false
2995 250,106 false
2996 250,106 false
2997 250,106 false
2998 250,106 false
2999 250,106 false
3000 250,106 false
3001 251,106 false
3002 251,106 false
3003 251,106 false
3004 251,106 false
3005 251,106 false
3006 251,106 false
3007 251,106 false
3008 251,106 false
3009 251,106 false
3010 251,106 false
3011 251,106 false
3012 251,106 false
3013 252,106 false
3014 252,106 false
3015 252,106 false
3016 252,106 false
3017 252,106 false
3018 252,106 false
3019 252,106 false
3020 252,106 false
3021 252,106 false
3022 252,106 false
3023 252,106 false
3024 252,106 false
3025 253,106 false
3026 253,106 false
3027 253,106 false
3028 253,106 false
3029 253,106 false
3030 253,106 false
3031 253,106 false
3032 253,106 false
3033 253,106 false
3034 253,106 false
3035 253,106 false
3036 253,106 false
3037 254,106 false
3038 254,106 false
3039 254,106 false
3040 254,106 false
3041 254,106 false
3042 254,106 false
3043 254,106 false
3044 254,106 false
3045 254,106 false
3046 254,106 false
3047 254,106 false
3048 254,106 false
3049 255,106 false
3050 255,106 false
3051 255,106 false
3052 255,106 false
3053 255,106 false
3054 255,106 false
3055 255,106 false
3056 255,106 false
3057 255,106 false
3058 255,106 false
3059 255,106 false
3060 255,106 false
3061 256,106 false
3062 256,106 false
3063 256,106 false
3064 256,106 false
3065 256,106 false
3066 256,106 false
3067 256,106 false
3068 256,106 false
3069 256,106 false
3070 256,106 false
3071 256,106 false
3072 256,106 false
3073 257,106 false
3074 257,106 false
3075 257,106 false
3076 257,106 false
3077 257,106 false
3078 257,106 false
3079 257,106 false
3080 257,106 false
3081 257,106 false
3082 257,106 false
3083 257,106 false
3084 257,106 false
3085 258,106 false
3086 258,106 false
3087 258,106 false
3088 258,106 false
3089 258,106 false
3090 258,106 false
3091 258,106 false
3092 258,106 false
3093 258,106 false
3094 258,106 false
3095 258,106 false
3096 258,106 false
3097 259,106 false
3098 259,106 false
3099 259,106 false
3100 259,106 false
3101 259,106 false
3102 259,106 false
3103 259,106 false
3104 259,106 false
3105 259,106 false
3106 259,106 false
3107 259,106 false
3108 259,106 false
3109 260,106 false
3110 260,106 false
3111 260,106 false
3112 260,106 false
3113 260,106 false
3114 260,106 false
3115 260,106 false
3116 260,106 false
3117 260,106 false
3118 260,106 false
3119 260,106 false
3120 260,106 false
3121 261,106 false
3122 261,106 false
3123 261,106 false
3124 261,106 false
3125 261,106 false
3126 261,106 false
3127 261,106 false
3128 261,106 false
3129 261,106 false
3130 261,106 false
3131 261,106 false
3132 261,106 false
3133 262,106 false
3134 262,106 false
3135 262,106 false
3136 262,106 false
3137 262,106 false
3138 262,106 false
3139 262,106 false
3140 262,106 false
3141 262,106 false
3142 262,106 false
3143 262,106 false
3144 262,106 false
3145 263,106 false
3146 263,106 false
3147 263,106 false
3148 263,106 false
3149 263,106 false
3150 263,106 false
3151 263,106 false
3152 263,106 false
3153 263,106 false
3154 263,106 false
3155 263,106 false
3156 263,106 false
3157 264,106 false
3158 264,106 false
3159 264,106 false
3160 264,106 false
3161 264,106 false
3162 264,106 false
3163 264,106 false
3164 264,106 false
3165 264,106 false
3166 264,106 false
3167 264,106 false
3168 264,106 false
3169 265,106 false
3170 265,106 false
3171 265,106 false
3172 265,106 false
3173 265,106 false
3174 265,106 false
3175 265,106 false
3176 265,106 false
3177 265,106 false
3178 265,106 false
3179 265,106 false
3180 265,106 false
3181 266,106 false
3182 266,106 false
3183 266,106 false
3184 266,106 false
3185 266,106 false
3186 266,106 false
3187 266,106 false
3188 266,106 false
3189 266,106 false
3190 266,106 false
3191 266,106 false
3192 266,106 false
3193 267,106 false
3194 267,106 false
3195 267,106 false
3196 267,106 false
3197 267,106 false
3198 267,106 false
3199 267,106 false
3200 267,106 false
3201 267,106 false
3202 267,106 false
3203 267,106 false
3204 267,106 false
3205 268,106 false
3206 268,106 false
3207 268,106 false
3208 268,106 false
3209 268,106 false
3210 268,106 false
3211 268,106 false
3212 268,106 false
3213 268,106 false
3214 268,106 false
3215 268,106 false
3216 268,106 false
3217 269,106 false
3218 269,106 false
3219 269,106 false
3220 269,106 false
3221 269,106 false
3222 269,106 false
3223 269,106 false
3224 269,106 false
3225 269,106 false
3226 269,106 false
3227 269,106 false
3228 269,106 false
3229 270,106 false
3230 270,106 false
3231 270,106 false
3232 270,106 false
3233 270,106 false
3234 270,106 false
3235 270,106 false
3236 270,106 false
3237 270,106 false
3238 270,106 false
3239 270,106 false
3240 270,106 false
3241 271,106 false
3242 271,106 false
3243 271,106 false
3244 271,106 false
3245 271,106 false
3246 271,106 false
3247 271,106 false
3248 271,106 false
3249 271,106 false
3250 271,106 false
3251 271,106 false
3252 271,106 false
3253 272,106 false
3254 272,106 false
3255 272,106 false
3256 272,106 false
3257 272,106 false
3258 272,106 false
3259 272,106 false
3260 272,106 false
3261 272,106 false
3262 272,106 false
3263 272,106 false
3264 272,106 false
3265 273,106 false
3266 273,106 false
3267 273,106 false
3268 273,106 false
3269 273,106 false
3270 273,106 false
3271 273,106 false
3272 273,106 false
3273 273,106 false
3274 273,106 false
3275 273,106 false
3276 273,106 false
3277 274,106 false
3278 274,106 false
3279 274,106 false
3280 274,106 false
3281 274,106 false
3282 274,106 false
3283 274,106 false
3284 274,106 false
3285 274,106 false
3286 274,106 false
3287 274,106 false
3288 274,106 false
3289 275,106 false
3290 275,106 false
3291 275,106 false
3292 275,106 false
3293 275,106 false
3294 275,106 false
3295 275,106 false
3296 275,106 false
3297 275,106 false
3298 275,106 false
3299 275,106 false
3300 275,106 false
3301 276,106 false
3302 276,106 false
3303 276,106 false
3304 276,106 false
3305 276,106 false
3306 276,106 false
3307 276,106 false
3308 276,106 false
3309 276,106 false
3310 276,106 false
3311 276,106 false
3312 276,106 false
3313 277,106 false
3314 277,106 false
3315 277,106 false
3316 277,106 false
3317 277,106 false
3318 277,106 false
3319 277,106 false
3320 277,106 false
3321 277,106 false
3322 277,106 false
3323 277,106 false
3324 277,106 false
3325 278,106 false
3326 278,106 false
3327 278,106 false
3328 278,106 false
3329 278,106 false
3330 278,106 false
3331 278,106 false
3332 278,106 false
3333 278,106 false
3334 278,106 false
3335 278,106 false
3336 278,106 false
3337 279,106 false
3338 279,106 false
3339 279,106 false
3340 279,106 false
3341 279,106 false
3342 279,106 false
3343 279,106 false
3344 279,106 false
3345 279,106 false
3346 279,106 false
3347 279,106 false
3348 279,106 false
3349 280,106 false
3350 280,106 false
3351 280,106 false
3352 280,106 false
3353 280,106 false
3354 280,106 false
3355 280,106 false
3356 280,106 false
3357 280,106 false
3358 280,106 false
3359 280,106 false
3360 280,106 false
3361 281,106 false
3362 281,106 false
3363 281,106 false
3364 281,106 false
3365 281,106 false
3366 281,106 false
3367 281,106 false
3368 281,106 false
3369 281,106 false
3370 281,106 false
3371 281,106 false
3372 281,106 false
3373 282,106 false
3374 282,106 false
3375 282,106 false
3376 282,106 false
3377 282,106 false
3378 282,106 false
3379 282,106 false
3380 282,106 false
3381 282,106 false
3382 282,106 false
3383 282,106 false
3384 282,106 false
3385 283,106 false
3386 283,106 false
3387 283,106 false
3388 283,106 false
3389 283,106 false
3390 283,106 false
3391 283,106 false
3392 283,106 false
3393 283,106 false
3394 283,106 false
3395 283,106 false
3396 283,106 false
3397 284,106 false
3398 284,106 false
3399 284,106 false
3400 284,106 false
3401 284,106 false
3402 284,106 false
3403 284,106 false
3404 284,106 false
3405 284,106 false
3406 284,106 false
3407 284,106 false
3408 284,106 false
3409 285,106 false
3410 285,106 false
3411 285,106 false
3412 285,106 false
3413 285,106 false
3414 285,106 false
3415 285,106 false
3416 285,106 false
3417 285,106 false
3418 285,106 false
3419 285,106 false
3420 285,106 false
3421 286,106 false
3422 286,106 false
3423 286,106 false
3424 286,106 false
3425 286,106 false
3426 286,106 false
3427 286,106 false
3428 286,106 false
3429 286,106 false
3430 286,106 false
3431 286,106 false
3432 286,106 false
3433 287,106 false
3434 287,106 false
3435 287,106 false
3436 287,106 false
3437 287,106 false
3438 287,106 false
3439 287,106 false
3440 287,106 false
3441 287,106 false
3442 287,106 false
3443 287,106 false
3444 287,106 false
3445 288,106 false
3446 288,106 false
3447 288,106 false
3448 288,106 false
3449 288,106 false
3450 288,106 false
3451 288,106 false
3452 288,106 false
3453 288,106 false
3454 288,106 false
3455 288,106 false
3456 288,106 false
3457 289,106 false
3458 289,106 false
3459 289,106 false
3460 289,106 false
3461 289,106 false
3462 289,106 false
3463 289,106 false
3464 289,106 false
3465 289,106 false
3466 289,106 false
3467 289,106 false
3468 289,106 false
3469 290,106 false
3470 290,106 false
3471 290,106 false
3472 290,106 false
3473 290,106 false
3474 290,106 false
3475 290,106 false
3476 290,106 false
3477 290,106 false
3478 290,106 false
3479 290,106 false
3480 290,106 false
3481 291,106 false
3482 291,106 false
3483 291,106 false
3484 291,106 false
3485 291,106 false
3486 291,106 false
3487 291,106 false
3488 291,106 false
3489 291,106 false
3490 291,106 false
3491 291,106 false
3492 291,106 false
3493 292,106 false
3494 292,106 false
3495 292,106 false
3496 292,106 false
3497 292,106 false
3498 292,106 false
3499 292,106 false
3500 292,106 false
3501 292,106 false
3502 292,106 false
3503 292,106 false
3504 292,106 false
3505 293,106 false
3506 293,106 false
3507 293,106 false
3508 293,106 false
3509 293,106 false
3510 293,106 false
3511 293,106 false
3512 293,106 false
3513 293,106 false
3514 293,106 false
3515 293,106 false
3516 293,106 false
3517 294,106 false
3518 294,106 false
3519 294,106 false
3520 294,106 false
3521 294,106 false
3522 294,106 false
3523 294,106 false
3524 294,106 false
3525 294,106 false
3526 294,106 false
3527 294,106 false
3528 294,106 false
3529 295,106 false
3530 295,106 false
3531 295,106 false
3532 295,106 false
3533 295,106 false
3534 295,106 false
3535 295,106 false
3536 295,106 false
3537 295,106 false
3538 295,106 false
3539 295,106 false
3540 295,106 false
3541 296,106 false
3542 296,106 false
3543 296,106 false
3544 296,106 false
3545 296,106 false
3546 296,106 false
3547 296,106 false
3548 296,106 false
3549 296,106 false
3550 296,106 false
3551 296,106 false
3552 296,106 false
3553 297,106 false
3554 297,106 false
3555 297,106 false
3556 297,106 false
3557 297,106 false
3558 297,106 false
3559 297,106 false
3560 297,106 false
3561 297,106 false
3562 297,106 false
3563 297,106 false
3564 297,106 false
3565 298,106 false
3566 298,106 false
3567 298,106 false
3568 298,106 false
3569 298,106 false
3570 298,106 false
3571 298,106 false
3572 298,106 false
3573 298,106 false
3574 298,106 false
3575 298,106 false
3576 298,106 false
3577 299,106 false
3578 299,106 false
3579 299,106 false
3580 299,106 false
3581 299,106 false
3582 299,106 false
3583 299,106 false
3584 299,106 false
3585 299,106 false
3586 299,106 false
3587 299,106 false
3588 299,106 false
3589 300,106 false
3590 300,106 false
3591 300,106 false
3592 300,106 false
3593 300,106 false
3594 300,106 false
3595 300,106 false
3596 300,106 false
3597 300,106 false
3598 300,106 false
3599 300,106 false
3600 300,106 false
3601 301,106 false
3602 301,106 false
3603 301,106 false
3604 301,106 false
3605 301,106 false
3606 301,106 false
3607 301,106 false
3608 301,106 false
3609 301,106 false
3610 301,106 false
3611 301,106 false
3612 301,106 false
3613 302,106 false
3614 302,106 false
3615 302,106 false
3616 302,106 false
3617 302,106 false
3618 302,106 false
3619 302,106 false
3620 302,106 false
3621 302,106 false
3622 302,106 false
3623 302,106 false
3624 302,106 false
3625 303,106 false
3626 303,106 false
3627 303,106 false
3628 303,106 false
3629 303,106 false
3630 303,106 false
3631 303,106 false
3632 303,106 false
3633 303,106 false
3634 303,106 false
3635 303,106 false
3636 303,106 false
3637 304,106 false
3638 304,106 false
3639 304,106 false
3640 304,106 false
3641 304,106 false
3642 304,106 false
3643 304,106 false
3644 304,106 false
3645 304,106 false
3646 304,106 false
3647 304,106 false
3648 304,106 false
3649 305,106 false
3650 305,106 false
3651 305,106 false
3652 305,106 false
3653 305,106 false
3654 305,106 false
3655 305,106 false
3656 305,106 false
3657 305,106 false
3658 305,106 false
3659 305,106 false
3660 305,106 false
3661 306,106 false
3662 306,106 false
3663 306,106 false
3664 306,106 false
3665 306,106 false
3666 306,106 false
3667 306,106 false
3668 306,106 false
3669 306,106 false
3670 306,106 false
3671 306,106 false
3672 306,106 false
3673 307,106 false
3674 307,106 false
3675 307,106 false
3676 307,106 false
3677 307,106 false
3678 307,106 false
3679 307,106 false
3680 307,106 false
3681 307,106 false
3682 307,106 false
3683 307,106 false
3684 307,106 false
3685 308,106 false
3686 308,106 false
3687 308,106 false
3688 308,106 false
3689 308,106 false
3690 308,106 false
3691 308,106 false
3692 308,106 false
3693 308,106 false
3694 308,106 false
3695 308,106 false
3696 308,106 false
3697 309,106 false
3698 309,106 false
3699 309,106 false
3700 309,106 false
3701 309,106 false
3702 309,106 false
3703 309,106 false
3704 309,106 false
3705 309,106 false
3706 309,106 false
3707 309,106 false
3708 309,106 false
3709 310,106 false
3710 310,106 false
3711 310,106 false
3712 310,106 false
3713 310,106 false
3714 310,106 false
3715 310,106 false
3716 310,106 false
3717 310,106 false
3718 310,106 false
3719 310,106 false
3720 310,106 false
3721 311,106 false
3722 311,106 false
3723 311,106 false
3724 311,106 false
3725 311,106 false
3726 311,106 false
3727 311,106 false
3728 311,106 false
3729 311,106 false
3730 311,106 false
3731 311,106 false
3732 311,106 false
3733 312,106 false
3734 312,106 false
3735 312,106 false
3736 312,106 false
3737 312,106 false
3738 312,106 false
3739 312,106 false
3740 312,106 false
3741 312,106 false
3742 312,106 false
3743 312,106 false
3744 312,106 false
3745 313,106 false
3746 313,106 false
3747 313,106 false
3748 313,106 false
3749 313,106 false
3750 313,106 false
3751 313,106 false
3752 313,106 false
3753 313,106 false
3754 313,106 false
3755 313,106 false
3756 313,106 false
3757 314,106 false
3758 314,106 false
3759 314,106 false
3760 314,106 false
3761 314,106 false
3762 314,106 false
3763 314,106 false
3764 314,106 false
3765 314,106 false
3766 314,106 false
3767 314,106 false
3768 314,106 false
3769 315,106 false
3770 315,106 false
3771 315,106 false
3772 315,106 false
3773 315,106 false
3774 315,106 false
3775 315,106 false
3776 315,106 false
3777 315,106 false
3778 315,106 false
3779 315,106 false
3780 315,106 false
3781 316,106 false
3782 316,106 false
3783 316,106 false
3784 316,106 false
3785 316,106 false
3786 316,106 false
3787 316,106 false
3788 316,106 false
3789 316,106 false
3790 316,106 false
3791 316,106 false
3792 316,106 false
3793 317,106 false
3794 317,106 false
3795 317,106 false
3796 317,106 false
3797 317,106 false
3798 317,106 false
3799 317,106 false
3800 317,106 false
3801 317,106 false
3802 317,106 false
3803 317,106 false
3804 317,106 false
3805 318,106 false
3806 318,106 false
3807 318,106 false
3808 318,106 false
3809 318,106 false
3810 318,106 false
3811 318,106 false
3812 318,106 false
3813 318,106 false
3814 318,106 false
3815 318,106 false
3816 318,106 false
3817 319,106 false
3818 319,106 false
3819 319,106 false
3820 319,106 false
3821 319,106 false
3822 319,106 false
3823 319,106 false
3824 319,106 false
3825 319,106 false
3826 319,106 false
3827 319,106 false
3828 319,106 false
3829 320,106 false
3830 320,106 false
3831 320,106 false
3832 320,106 false
3833 320,106 false
3834 320,106 false
3835 320,106 false
3836 320,106 false
3837 320,106 false
3838 320,106 false
3839 320,106 false
3840 320,106 false
3841 321,106 false
3842 321,106 false
3843 321,106 false
3844 321,106 false
3845 321,106 false
3846 321,106 false
3847 321,106 false
3848 321,106 false
3849 321,106 false
3850 321,106 false
3851 321,106 false
3852 321,106 false
3853 322,106 false
3854 322,106 false
3855 322,106 false
3856 322,106 false
3857 322,106 false
3858 322,106 false
3859 322,106 false
3860 322,106 false
3861 322,106 false
3862 322,106 false
3863 322,106 false
3864 322,106 false
3865 323,106 false
3866 323,106 false
3867 323,106 false
3868 323,106 false
3869 323,106 false
3870 323,106 false
3871 323,106 false
3872 323,106 false
3873 323,106 false
3874 323,106 false
3875 323,106 false
3876 323,106 false
3877 324,106 false
3878 324,106 false
3879 324,106 false
3880 324,106 false
3881 324,106 false
3882 324,106 false
3883 324,106 false
3884 324,106 false
3885 324,106 false
3886 324,106 false
3887 324,106 false
3888 324,106 false
3889 325,106 false
3890 325,106 false
3891 325,106 false
3892 325,106 false
3893 325,106 false
3894 325,106 false
3895 325,106 false
3896 325,106 false
3897 325,106 false
3898 325,106 false
3899 325,106 false
3900 325,106 false
3901 326,106 false
3902 326,106 false
3903 326,106 false
3904 326,106 false
3905 326,106 false
3906 326,106 false
3907 326,106 false
3908 326,106 false
3909 326,106 false
3910 326,106 false
3911 326,106 false
3912 326,106 false
3913 327,106 false
3914 327,106 false
3915 327,106 false
3916 327,106 false
3917 327,106 false
3918 327,106 false
3919 327,106 false
3920 327,106 false
3921 327,106 false
3922 327,106 false
3923 327,106 false
3924 327,106 false
3925 328,106 false
3926 328,106 false
3927 328,106 false
3928 328,106 false
3929 328,106 false
3930 328,106 false
3931 328,106 false
3932 328,106 false
3933 328,106 false
3934 328,106 false
3935 328,106 false
3936 328,106 false
3937 329,106 false
3938 329,106 false
3939 329,106 false
3940 329,106 false
3941 329,106 false
3942 329,106 false
3943 329,106 false
3944 329,106 false
3945 329,106 false
3946 329,106 false
3947 329,106 false
3948 329,106 false
3949 330,106 false
3950 330,106 false
3951 330,106 false
3952 330,106 false
3953 330,106 false
3954 330,106 false
3955 330,106 false
3956 330,106 false
3957 330,106 false
3958 330,106 false
3959 330,106 false
3960 330,106 false
3961 331,106 false
3962 331,106 false
3963 331,106 false
3964 331,106 false
3965 331,106 false
3966 331,106 false
3967 331,106 false
3968 331,106 false
3969 331,106 false
3970 331,106 false
3971 331,106 false
3972 331,106 false
3973 332,106 false
3974 332,106 false
3975 332,106 false
3976 332,106 false
3977 332,106 false
3978 332,106 false
3979 332,106 false
3980 332,106 false
3981 332,106 false
3982 332,106 false
3983 332,106 false
3984 332,106 false
3985 333,106 false
3986 333,106 false
3987 333,106 false
3988 333,106 false
3989 333,106 false
3990 333,106 false
3991 333,106 false
3992 333,106 false
3993 333,106 false
3994 333,106 false
3995 333,106 false
3996 333,106 false
3997 334,106 false
3998 334,106 false
3999 334,106 false
4000 334,106 false
4001 334,106 false
4002 334,106 false
4003 334,106 false
4004 334,106 false
4005 334,106 false
4006 334,106 false
4007 334,106 false
4008 334,106 false
4009 335,106 false
4010 335,106 false
4011 335,106 false
4012 335,106 false
4013 335,106 false
4014 335,106 false
4015 335,106 false
4016 335,106 false
4017 335,106 false
4018 335,106 false
4019 335,106 false
4020 335,106 false
4021 336,106 false
4022 336,106 false
4023 336,106 false
4024 336,106 false
4025 336,106 false
4026 336,106 false
4027 336,106 false
4028 336,106 false
4029 336,106 false
4030 336,106 false
4031 336,106 false
4032 336,106 false
4033 337,106 false
4034 337,106 false
4035 337,106 false
4036 337,106 false
4037 337,106 false
4038 337,106 false
4039 337,106 false
4040 337,106 false
4041 337,106 false
4042 337,106 false
4043 337,106 false
4044 337,106 false
4045 338,106 false
4046 338,106 false
4047 338,106 false
4048 338,106 false
4049 338,106 false
4050 338,106 false
4051 338,106 false
4052 338,106 false
4053 338,106 false
4054 338,106 false
4055 338,106 false
4056 338,106 false
4057 339,106 false
4058 339,106 false
4059 339,106 false
4060 339,106 false
4061 339,106 false
4062 339,106 false
4063 339,106 false
4064 339,106 false
4065 339,106 false
4066 339,106 false
4067 339,106 false
4068 339,106 false
4069 340,106 false
4070 340,106 false
4071 340,106 false
4072 340,106 false
4073 340,106 false
4074 340,106 false
4075 340,106 false
4076 340,106 false
4077 340,106 false
4078 340,106 false
4079 340,106 false
4080 340,106 false
4081 341,106 false
4082 341,106 false
4083 341,106 false
4084 341,106 false
4085 341,106 false
4086 341,106 false
4087 341,106 false
4088 341,106 false
4089 341,106 false
4090 341,106 false
4091 341,106 false
4092 341,106 false
4093 342,106 false
4094 342,106 false
4095 342,106 false
4096 342,106 false
4097 342,106 false
4098 342,106 false
4099 342,106 false
4100 342,106 false
4101 342,106 false
4102 342,106 false
4103 342,106 false
4104 342,106 false
4105 343,106 false
4106 343,106 false
4107 343,106 false
4108 343,106 false
4109 343,106 false
4110 343,106 false
4111 343,106 false
4112 343,106 false
4113 343,106 false
4114 343,106 false
4115 343,106 false
4116 343,106 false
4117 344,106 false
4118 344,106 false
4119 344,106 false
4120 344,106 false
4121 344,106 false
4122 344,106 false
4123 344,106 false
4124 344,106 false
4125 344,106 false
4126 344,106 false
4127 344,106 false
4128 344,106 false
4129 345,106 false
4130 345,106 false
4131 345,106 false
4132 345,106 false
4133 345,106 false
4134 345,106 false
4135 345,106 false
4136 345,106 false
4137 345,106 false
4138 345,106 false
4139 345,106 false
4140 345,106 false
4141 346,106 false
4142 346,106 false
4143 346,106 false
4144 346,106 false
4145 346,106 false
4146 346,106 false
4147 346,106 false
4148 346,106 false
4149 346,106 false
4150 346,106 false
4151 346,106 false
4152 346,106 false
4153 347,106 false
4154 347,106 false
4155 347,106 false
4156 347,106 false
4157 347,106 false
4158 347,106 false
4159 347,106 false
4160 347,106 false
4161 347,106 false
4162 347,106 false
4163 347,106 false
4164 347,106 false
4165 348,106 false
4166 348,106 false
4167 348,106 false
4168 348,106 false
4169 348,106 false
4170 348,106 false
4171 348,106 false
4172 348,106 false
4173 348,106 false
4174 348,106 false
4175 348,106 false
4176 348,106 false
4177 349,106 false
4178 349,106 false
4179 349,106 false
4180 349,106 false
4181 349,106 false
4182 349,106 false
4183 349,106 false
4184 349,106 false
4185 349,106 false
4186 349,106 false
4187 349,106 false
4188 349,106 false
4189 350,106 false
4190 350,106 false
4191 350,106 false
4192 350,106 false
4193 350,106 false
4194 350,106 false
4195 350,106 false
4196 350,106 false
4197 350,106 false
4198 350,106 false
4199 350,106 false
4200 350,106 false
4201 351,106 false
4202 351,106 false
4203 351,106 false
4204 351,106 false
4205 351,106 false
4206 351,106 false
4207 351,106 false
4208 351,106 false
4209 351,106 false
4210 351,106 false
4211 351,106 false
4212 351,106 false
4213 352,106 false
4214 352,106 false
4215 352,106 false
4216 352,106 false
4217 352,106 false
4218 352,106 false
4219 352,106 false
4220 352,106 false
4221 352,106 false
4222 352,106 false
4223 352,106 false
4224 352,106 false
4225 353,106 false
4226 353,106 false
4227 353,106 false
4228 353,106 false
4229 353,106 false
4230 353,106 false
4231 353,106 false
4232 353,106 false
4233 353,106 false
4234 353,106 false
4235 353,106 false
4236 353,106 false
4237 354,106 false
4238 354,106 false
4239 354,106 false
4240 354,106 false
4241 354,106 false
4242 354,106 false
4243 354,106 false
4244 354,106 false
4245 354,106 false
4246 354,106 false
4247 354,106 false
4248 354,106 false
4249 355,106 false
4250 355,106 false
4251 355,106 false
4252 355,106 false
4253 355,106 false
4254 355,106 false
4255 355,106 false
4256 355,106 false
4257 355,106 false
4258 355,106 false
4259 355,106 false
4260 355,106 false
4261 356,106 false
4262 356,106 false
4263 356,106 false
4264 356,106 false
4265 356,106 false
4266 356,106 false
4267 356,106 false
4268 356,106 false
4269 356,106 false
4270 356,106 false
4271 356,106 false
4272 356,106 false
4273 357,106 false
4274 357,106 false
4275 357,106 false
4276 357,106 false
4277 357,106 false
4278 357,106 false
4279 357,106 false
4280 357,106 false
4281 357,106 false
4282 357,106 false
4283 357,106 false
4284 357,106 false
4285 358,106 false
4286 358,106 false
4287 358,106 false
4288 358,106 false
4289 358,106 false
4290 358,106 false
4291 358,106 false
4292 358,106 false
4293 358,106 false
4294 358,106 false
4295 358,106 false
4296 358,106 false
4297 359,106 false
4298 359,106 false
4299 359,106 false
4300 359,106 false
4301 359,106 false
4302 359,106 false
4303 359,106 false
4304 359,106 false
4305 359,106 false
4306 359,106 false
4307 359,106 false
4308 359,106 false
4309 360,106 false
4310 360,106 false
4311 360,106 false
4312 360,106 false
4313 360,106 false
4314 360,106 false
4315 360,106 false
4316 360,106 false
4317 360,106 false
4318 360,106 false
4319 360,106 false
4320 360,106 false
4321 361,106 false
4322 361,106 false
4323 361,106 false
4324 361,106 false
4325 361,106 false
4326 361,106 false
4327 361,106 false
4328 361,106 false
4329 361,106 false
4330 361,106 false
4331 361,106 false
4332 361,106 false
4333 362,106 false
4334 362,106 false
4335 362,106 false
4336 362,106 false
4337 362,106 false
4338 362,106 false
4339 362,106 false
4340 362,106 false
4341 362,106 false
4342 362,106 false
4343 362,106 false
4344 362,106 false
4345 363,106 false
4346 363,106 false
4347 363,106 false
4348 363,106 false
4349 363,106 false
4350 363,106 false
4351 363,106 false
4352 363,106 false
4353 363,106 false
4354 363,106 false
4355 363,106 false
4356 363,106 false
4357 364,106 false
4358 364,106 false
4359 364,106 false
4360 364,106 false
4361 364,106 false
4362 364,106 false
4363 364,106 false
4364 364,106 false
4365 364,106 false
4366 364,106 false
4367 364,106 false
4368 364,106 false
4369 365,106 false
4370 365,106 false
4371 365,106 false
4372 365,106 false
4373 365,106 false
4374 365,106 false
4375 365,106 false
4376 365,106 false
4377 365,106 false
4378 365,106 false
4379 365,106 false
4380 365,106 false
4381 366,106 false
4382 366,106 false
4383 366,106 false
4384 366,106 false
4385 366,106 false
4386 366,106 false
4387 366,106 false
4388 366,106 false
4389 366,106 false
4390 366,106 false
4391 366,106 false
4392 366,106 false
4393 367,106 false
4394 367,106 false
4395 367,106 false
4396 367,106 false
4397 367,106 false
4398 367,106 false
4399 367,106 false
4400 367,106 false
4401 367,106 false
4402 367,106 false
4403 367,106 false
4404 367,106 false
4405 368,106 false
4406 368,106 false
4407 368,106 false
4408 368,106 false
4409 368,106 false
4410 368,106 false
4411 368,106 false
4412 368,106 false
4413 368,106 false
4414 368,106 false
4415 368,106 false
4416 368,106 false
4417 369,106 false
4418 369,106 false
4419 369,106 false
4420 369,106 false
4421 369,106 false
4422 369,106 false
4423 369,106 false
4424 369,106 false
4425 369,106 false
4426 369,106 false
4427 369,106 false
4428 369,106 false
4429 370,106 false
4430 370,106 false
4431 370,106 false
4432 370,106 false
4433 370,106 false
4434 370,106 false
4435 370,106 false
4436 370,106 false
4437 370,106 false
4438 370,106 false
4439 370,106 false
4440 370,106 false
4441 371,106 false
4442 371,106 false
4443 371,106 false
4444 371,106 false
4445 371,106 false
4446 371,106 false
4447 371,106 false
4448 371,106 false
4449 371,106 false
4450 371,106 false
4451 371,106 false
4452 371,106 false
4453 372,106 false
4454 372,106 false
4455 372,106 false
4456 372,106 false
4457 372,106 false
4458 372,106 false
4459 372,106 false
4460 372,106 false
4461 372,106 false
4462 372,106 false
4463 372,106 false
4464 372,106 false
4465 373,106 false
4466 373,106 false
4467 373,106 false
4468 373,106 false
4469 373,106 false
4470 373,106 false
4471 373,106 false
4472 373,106 false
4473 373,106 false
4474 373,106 false
4475 373,106 false
4476 373,106 false
4477 374,106 false
4478 374,106 false
4479 374,106 false
4480 374,106 false
4481 374,106 false
4482 374,106 false
4483 374,106 false
4484 374,106 false
4485 374,106 false
4486 374,106 false
4487 374,106 false
4488 374,106 false
4489 375,106 false
4490 375,106 false
4491 375,106 false
4492 375,106 false
4493 375,106 false
4494 375,106 false
4495 375,106 false
4496 375,106 false
4497 375,106 false
4498 375,106 false
4499 375,106 false
4500 375,106 false
4501 376,106 false
4502 376,106 false
4503 376,106 false
4504 376,106 false
4505 376,106 false
4506 376,106 false
4507 376,106 false
4508 376,106 false
4509 376,106 false
4510 376,106 false
4511 376,106 false
4512 376,106 false
4513 377,106 false
4514 377,106 false
4515 377,106 false
4516 377,106 false
4517 377,106 false
4518 377,106 false
4519 377,106 false
4520 377,106 false
4521 377,106 false
4522 377,106 false
4523 377,106 false
4524 377,106 false
4525 378,106 false
4526 378,106 false
4527 378,106 false
4528 378,106 false
4529 378,106 false
4530 378,106 false
4531 378,106 false
4532 378,106 false
4533 378,106 false
4534 378,106 false
4535 378,106 false
4536 378,106 false
4537 379,106 false
4538 379,106 false
4539 379,106 false
4540 379,106 false
4541 379,106 false
4542 379,106 false
4543 379,106 false
4544 379,106 false
4545 379,106 false
4546 379,106 false
4547 379,106 false
4548 379,106 false
4549 380,106 false
4550 380,106 false
4551 380,106 false
4552 380,106 false
4553 380,106 false
4554 380,106 false
4555 380,106 false
4556 380,106 false
4557 380,106 false
4558 380,106 false
4559 380,106 false
4560 380,106 false
4561 381,106 false
4562 381,106 false
4563 381,106 false
4564 381,106 false
4565 381,106 false
4566 381,106 false
4567 381,106 false
4568 381,106 false
4569 381,106 false
4570 381,106 false
4571 381,106 false
4572 381,106 false
4573 382,106 false
4574 382,106 false
4575 382,106 false
4576 382,106 false
4577 382,106 false
4578 382,106 false
4579 382,106 false
4580 382,106 false
4581 382,106 false
4582 382,106 false
4583 382,106 false
4584 382,106 false
4585 383,106 false
4586 383,106 false
4587 383,106 false
4588 383,106 false
4589 383,106 false
4590 383,106 false
4591 383,106 false
4592 383,106 false
4593 383,106 false
4594 383,106 false
4595 383,106 false
4596 383,106 false
4597 384,106 false
4598 384,106 false
4599 384,106 false
4600 384,106 false
4601 384,106 false
4602 384,106 false
4603 384,106 false
4604 384,106 false
4605 384,106 false
4606 384,106 false
4607 384,106 false
4608 384,106 false
4609 385,106 false
4610 385,106 false
4611 385,106 false
4612 385,106 false
4613 385,106 false
4614 385,106 false
4615 385,106 false
4616 385,106 false
4617 385,106 false
4618 385,106 false
4619 385,106 false
4620 385,106 false
4621 386,106 false
4622 386,106 false
4623 386,106 false
4624 386,106 false
4625 386,106 false
4626 386,106 false
4627 386,106 false
4628 386,106 false
4629 386,106 false
4630 386,106 false
4631 386,106 false
4632 386,106 false
4633 387,106 false
4634 387,106 false
4635 387,106 false
4636 387,106 false
4637 387,106 false
4638 387,106 false
4639 387,106 false
4640 387,106 false
4641 387,106 false
4642 387,106 false
4643 387,106 false
4644 387,106 false
4645 388,106 false
4646 388,106 false
4647 388,106 false
4648 388,106 false
4649 388,106 false
4650 388,106 false
4651 388,106 false
4652 388,106 false
4653 388,106 false
4654 388,106 false
4655 388,106 false
4656 388,106 false
4657 389,106 false
4658 389,106 false
4659 389,106 false
4660 389,106 false
4661 389,106 false
4662 389,106 false
4663 389,106 false
4664 389,106 false
4665 389,106 false
4666 389,106 false
4667 389,106 false
4668 389,106 false
4669 390,106 false
4670 390,106 false
4671 390,106 false
4672 390,106 false
4673 390,106 false
4674 390,106 false
4675 390,106 false
4676 390,106 false
4677 390,106 false
4678 390,106 false
4679 390,106 false
4680 390,106 false
4681 391,106 false
4682 391,106 false
4683 391,106 false
4684 391,106 false
4685 391,106 false
4686 391,106 false
4687 391,106 false
4688 391,106 false
4689 391,106 false
4690 391,106 false
4691 391,106 false
4692 391,106 false
4693 392,106 false
4694 392,106 false
4695 392,106 false
4696 392,106 false
4697 392,106 false
4698 392,106 false
4699 392,106 false
4700 392,106 false
4701 392,106 false
4702 392,106 false
4703 392,106 false
4704 392,106 false
4705 393,106 false
4706 393,106 false
4707 393,106 false
4708 393,106 false
4709 393,106 false
4710 393,106 false
4711 393,106 false
4712 393,106 false
4713 393,106 false
4714 393,106 false
4715 393,106 false
4716 393,106 false
4717 394,106 false
4718 394,106 false
4719 394,106 false
4720 394,106 false
4721 394,106 false
4722 394,106 false
4723 394,106 false
4724 394,106 false
4725 394,106 false
4726 394,106 false
4727 394,106 false
4728 394,106 false
4729 395,106 false
4730 395,106 false
4731 395,106 false
4732 395,106 false
4733 395,106 false
4734 395,106 false
4735 395,106 false
4736 395,106 false
4737 395,106 false
4738 395,106 false
4739 395,106 false
4740 395,106 false
4741 396,106 false
4742 396,106 false
4743 396,106 false
4744 396,106 false
4745 396,106 false
4746 396,106 false
4747 396,106 false
4748 396,106 false
4749 396,106 false
4750 396,106 false
4751 396,106 false
4752 396,106 false
4753 397,106 false
4754 397,106 false
4755 397,106 false
4756 397,106 false
4757 397,106 false
4758 397,106 false
4759 397,106 false
4760 397,106 false
4761 397,106 false
4762 397,106 false
4763 397,106 false
4764 397,106 false
4765 398,106 false
4766 398,106 false
4767 398,106 false
4768 398,106 false
4769 398,106 false
4770 398,106 false
4771 398,106 false
4772 398,106 false
4773 398,106 false
4774 398,106 false
4775 398,106 false
4776 398,106 false
4777 399,106 false
4778 399,106 false
4779 399,106 false
4780 399,106 false
4781 399,106 false
4782 399,106 false
4783 399,106 false
4784 399,106 false
4785 399,106 false
4786 399,106 false
4787 399,106 false
4788 399,106 false
4789 400,106 false
4790 400,106 false
4791 400,106 false
4792 400,106 false
4793 400,106 false
4794 400,106 false
4795 400,106 false
4796 400,106 false
4797 400,106 false
4798 400,106 false
4799 400,106 false
4800 400,106 false
4801 401,106 false
4802 401,106 false
4803 401,106 false
4804 401,106 false
4805 401,106 false
4806 401,106 false
4807 401,106 false
4808 401,106 false
4809 401,106 false
4810 401,106 false
4811 401,106 false
4812 401,106 false
4813 402,106 false
4814 402,106 false
4815 402,106 false
4816 402,106 false
4817 402,106 false
4818 402,106 false
4819 402,106 false
4820 402,106 false
4821 402,106 false
4822 402,106 false
4823 402,106 false
4824 402,106 false
4825 403,106 false
4826 403,106 false
4827 403,106 false
4828 403,106 false
4829 403,106 false
4830 403,106 false
4831 403,106 false
4832 403,106 false
4833 403,106 false
4834 403,106 false
4835 403,106 false
4836 403,106 false
4837 404,106 false
4838 404,106 false
4839 404,106 false
4840 404,106 false
4841 404,106 false
4842 404,106 false
4843 404,106 false
4844 404,106 false
4845 404,106 false
4846 404,106 false
4847 404,106 false
4848 404,106 false
4849 405,106 false
4850 405,106 false
4851 405,106 false
4852 405,106 false
4853 405,106 false
4854 405,106 false
4855 405,106 false
4856 405,106 false
4857 405,106 false
4858 405,106 false
4859 405,106 false
4860 405,106 false
4861 406,106 false
4862 406,106 false
4863 406,106 false
4864 406,106 false
4865 406,106 false
4866 406,106 false
4867 406,106 false
4868 406,106 false
4869 406,106 false
4870 406,106 false
4871 406,106 false
4872 406,106 false
4873 407,106 false
4874 407,106 false
4875 407,106 false
4876 407,106 false
4877 407,106 false
4878 407,106 false
4879 407,106 false
4880 407,106 false
4881 407,106 false
4882 407,106 false
4883 407,106 false
4884 407,106 false
4885 408,106 false
4886 408,106 false
4887 408,106 false
4888 408,106 false
4889 408,106 false
4890 408,106 false
4891 408,106 false
4892 408,106 false
4893 408,106 false
4894 408,106 false
4895 408,106 false
4896 408,106 false
4897 409,106 false
4898 409,106 false
4899 409,106 false
4900 409,106 false
4901 409,106 false
4902 409,106 false
4903 409,106 false
4904 409,106 false
4905 409,106 false
4906 409,106 false
4907 409,106 false
4908 409,106 false
4909 410,106 false
4910 410,106 false
4911 410,106 false
4912 410,106 false
4913 410,106 false
4914 410,106 false
4915 410,106 false
4916 410,106 false
4917 410,106 false
4918 410,106 false
4919 410,106 false
4920 410,106 false
4921 411,106 false
4922 411,106 false
4923 411,106 false
4924 411,106 false
4925 411,106 false
4926 411,106 false
4927 411,106 false
4928 411,106 false
4929 411,106 false
4930 411,106 false
4931 411,106 false
4932 411,106 false
